0 1
0 5
0 10
1 2 
1 23 
1 92 
1 351 
1 352 
1 464 
1 718 
1 882 
1 894 
1 1935 
1 2022 
2 23 
2 97 
2 210 
2 215 
2 386 
2 407 
2 464 
3 4 
3 11 
3 47 
3 51 
3 145 
3 194 
3 239 
3 240 
3 241 
3 243 
3 249 
3 329 
3 478 
3 537 
3 575 
3 663 
3 670 
3 706 
3 809 
3 1004 
3 1012 
3 1017 
3 1020 
3 1370 
3 1401 
3 1475 
3 1503 
3 1516 
3 1597 
3 1687 
3 1778 
3 1852 
3 1889 
3 1907 
3 1984 
3 2206 
3 2288 
3 2289 
3 3021 
3 3540 
3 4008 
4 6 
4 47 
4 50 
4 51 
4 240 
4 241 
4 243 
4 249 
4 288 
4 537 
4 575 
4 809 
4 836 
4 1017 
4 1512 
4 2027 
4 2084 
4 2103 
4 2862 
4 3592 
5 6 
5 318 
5 826 
5 946 
5 1008 
5 1164 
5 1400 
5 1445 
5 1762 
5 2211 
5 2503 
6 163 
6 207 
6 211 
6 318 
6 325 
6 427 
6 554 
6 634 
6 698 
6 701 
6 724 
6 1058 
6 1164 
6 1254 
6 1255 
6 1326 
6 1412 
6 1445 
6 1477 
6 1627 
6 1762 
6 2228 
6 2527 
6 2848 
6 3048 
6 3607 
6 3830 
6 3881 
7 8 
7 84 
7 1270 
8 170 
8 595 
8 637 
8 747 
8 748 
8 855 
8 1207 
8 2097 
8 2469 
8 2982 
9 10 
9 30 
9 31 
9 59 
9 60 
9 85 
9 115 
9 128 
9 136 
9 137 
9 224 
9 279 
9 408 
9 453 
10 17 
10 18 
10 30 
10 31 
10 59 
10 60 
10 83 
10 85 
10 115 
10 128 
10 136 
10 137 
10 141 
10 224 
10 242 
10 261 
10 273 
10 279 
10 281 
10 408 
10 445 
10 453 
10 798 
10 1138 
10 1581 
10 2312 
11 12 
11 41 
11 310 
11 338 
11 443 
11 583 
11 588 
11 887 
11 930 
11 1044 
11 1357 
11 1435 
11 1489 
11 1642 
11 1912 
11 2024 
12 24 
12 40 
12 41 
12 198 
12 216 
12 417 
12 590 
12 751 
12 887 
12 963 
12 975 
12 991 
12 1231 
12 1346 
12 1357 
12 1398 
12 1489 
12 1662 
12 1931 
13 14 
13 54 
13 61 
13 97 
13 147 
13 158 
13 387 
13 446 
13 478 
13 715 
13 765 
13 766 
13 775 
13 794 
13 826 
13 839 
13 917 
13 1029 
13 1053 
13 1206 
13 1219 
13 1332 
13 1369 
13 1443 
13 1616 
13 1664 
13 1688 
13 1721 
13 1727 
13 1816 
13 1855 
13 1979 
13 2945 
14 374 
14 605 
14 1855 
14 3674 
15 16 
15 475 
15 2042 
16 198 
16 914 
17 18 
17 83 
17 85 
17 128 
17 136 
17 137 
17 141 
17 224 
17 233 
17 242 
17 261 
17 273 
17 281 
17 445 
17 554 
17 1138 
17 1290 
17 1326 
17 1405 
17 1626 
17 1814 
17 1958 
17 3560 
18 30 
18 78 
18 83 
18 85 
18 128 
18 136 
18 137 
18 141 
18 223 
18 224 
18 229 
18 242 
18 261 
18 273 
18 281 
18 445 
18 574 
18 591 
18 664 
18 798 
18 835 
18 1138 
18 1290 
18 1405 
18 1581 
18 1669 
19 20 
19 117 
19 217 
19 218 
19 220 
19 584 
19 585 
19 744 
19 758 
19 1026 
19 1077 
19 1158 
19 1222 
19 1223 
19 1612 
19 2332 
20 384 
20 555 
20 651 
20 877 
20 1059 
20 1089 
20 1644 
21 22 
21 71 
21 74 
21 75 
21 170 
21 282 
21 508 
21 954 
21 1034 
21 1168 
21 1176 
21 1210 
21 1221 
21 1257 
21 1386 
21 1959 
22 71 
22 74 
22 104 
22 115 
22 116 
22 175 
22 192 
22 193 
22 330 
22 799 
22 813 
22 834 
22 1034 
22 1167 
22 1168 
22 1176 
22 1210 
22 1221 
22 1257 
22 1340 
22 1386 
22 1568 
22 1595 
22 1597 
22 1657 
22 2152 
22 2204 
22 3095 
23 24 
23 97 
23 1326 
23 1784 
23 2385 
24 97 
24 314 
24 321 
24 914 
24 973 
24 1710 
24 1853 
24 3498 
25 1235 
26 27 
26 1173 
27 2312 
27 2596 
27 2922 
28 29 
28 181 
28 331 
28 384 
28 730 
28 1379 
28 1559 
28 2782 
29 70 
29 181 
29 310 
29 331 
29 384 
29 644 
29 730 
29 1379 
29 1559 
30 31 
30 59 
30 60 
30 85 
30 115 
30 128 
30 136 
30 137 
30 224 
30 279 
30 408 
30 453 
30 495 
31 59 
31 60 
31 85 
31 115 
31 128 
31 136 
31 137 
31 224 
31 279 
31 408 
31 453 
32 33 
32 167 
32 168 
32 260 
32 268 
32 390 
32 437 
32 455 
32 506 
32 526 
32 544 
32 625 
32 672 
32 745 
32 794 
32 866 
32 929 
32 1087 
32 1113 
32 1485 
32 1661 
32 2124 
32 2254 
32 2291 
32 2549 
32 2604 
32 2716 
32 3183 
32 3956 
33 168 
33 268 
33 437 
33 936 
33 1061 
34 35 
34 46 
34 179 
34 182 
34 187 
34 280 
34 340 
34 368 
34 388 
34 479 
34 508 
34 562 
34 563 
34 573 
34 620 
34 688 
34 702 
34 703 
34 713 
34 732 
34 897 
34 927 
34 935 
34 976 
34 977 
34 979 
34 1154 
34 1175 
34 1234 
34 1241 
34 1449 
34 1490 
34 1650 
34 1893 
34 2130 
34 2144 
34 2805 
35 46 
35 562 
35 573 
35 927 
35 979 
35 1585 
36 37 
36 96 
36 117 
36 160 
36 165 
36 220 
36 255 
36 322 
36 365 
36 416 
36 432 
36 450 
36 468 
36 558 
36 628 
36 649 
36 720 
36 786 
36 869 
36 903 
36 912 
36 939 
36 944 
36 1139 
36 1249 
36 1289 
36 1912 
36 2301 
37 160 
37 321 
37 364 
37 365 
37 450 
37 786 
37 939 
37 944 
37 1220 
37 1313 
37 1528 
37 1536 
37 1890 
37 3488 
37 3898 
38 39 
38 233 
38 495 
38 587 
38 665 
38 2085 
39 129 
39 254 
39 283 
39 494 
39 495 
39 587 
39 661 
39 665 
39 1021 
39 1126 
39 1170 
39 1261 
39 1627 
39 2085 
40 41 
40 88 
40 198 
40 216 
40 417 
40 590 
40 963 
40 1198 
40 1231 
40 1267 
40 1460 
41 93 
41 198 
41 310 
41 332 
41 338 
41 386 
41 443 
41 604 
41 691 
41 710 
41 888 
41 991 
41 992 
41 1044 
41 1090 
41 1514 
41 1539 
41 1652 
41 1890 
41 2244 
42 43 
42 144 
42 845 
42 863 
42 1407 
42 1653 
43 144 
43 863 
43 1407 
43 2301 
44 45 
44 81 
44 82 
44 178 
44 327 
44 356 
44 421 
44 454 
44 550 
44 698 
44 1203 
45 81 
45 82 
45 327 
45 328 
45 454 
45 608 
45 665 
45 3102 
46 187 
46 508 
46 509 
46 562 
46 563 
46 573 
46 688 
46 703 
46 713 
46 732 
46 897 
46 927 
46 934 
46 935 
46 976 
46 977 
46 979 
46 1154 
46 1175 
46 1197 
46 1234 
46 1669 
46 1893 
46 1898 
46 2144 
47 50 
47 51 
47 93 
47 240 
47 241 
47 243 
47 249 
47 288 
47 537 
47 575 
47 809 
47 836 
47 893 
47 1017 
47 1137 
48 49 
48 78 
48 79 
48 80 
48 133 
48 191 
48 231 
48 410 
48 853 
48 865 
48 1634 
49 78 
49 79 
49 80 
49 133 
49 191 
49 231 
49 410 
49 411 
49 853 
49 865 
49 1634 
50 51 
50 240 
50 241 
50 243 
50 249 
50 537 
50 575 
50 809 
50 836 
50 1017 
51 240 
51 241 
51 243 
51 249 
51 288 
51 396 
51 537 
51 575 
51 809 
51 836 
51 1017 
51 1499 
51 2408 
52 53 
52 64 
52 67 
52 162 
52 275 
52 711 
52 779 
52 968 
52 1311 
52 1881 
53 64 
53 67 
53 275 
53 711 
53 779 
53 1049 
53 1881 
53 2301 
53 2312 
53 2731 
54 97 
54 613 
54 715 
54 1166 
54 1511 
55 56 
55 637 
55 714 
55 805 
55 965 
55 1242 
55 1538 
55 1947 
55 2067 
56 70 
56 246 
56 293 
56 294 
56 307 
56 325 
56 396 
56 398 
56 467 
56 512 
56 574 
56 604 
56 682 
56 684 
56 687 
56 764 
56 1156 
56 1499 
56 1565 
56 1578 
56 3903 
57 58 
57 457 
57 746 
57 2457 
58 128 
58 151 
58 176 
58 196 
58 366 
58 378 
58 379 
58 501 
58 591 
58 665 
58 760 
58 808 
58 1009 
58 1073 
58 1098 
58 1608 
58 1831 
58 2029 
58 2416 
58 2480 
58 2732 
58 2760 
58 3525 
58 3577 
59 60 
59 85 
59 115 
59 128 
59 136 
59 137 
59 224 
59 279 
59 408 
59 453 
59 586 
59 640 
59 2312 
60 85 
60 115 
60 128 
60 136 
60 137 
60 224 
60 279 
60 408 
60 453 
60 510 
61 906 
61 1285 
61 1442 
62 63 
62 543 
62 1432 
62 2795 
64 67 
64 275 
64 678 
64 679 
64 711 
64 779 
64 1311 
64 1375 
64 1881 
64 2729 
64 2988 
64 3023 
64 3345 
64 3434 
65 66 
65 212 
65 284 
65 381 
65 532 
65 533 
65 558 
65 736 
65 741 
65 829 
65 862 
65 1028 
65 1062 
65 1134 
65 1233 
65 1411 
65 1504 
65 1544 
65 1584 
65 1639 
65 1920 
65 2154 
65 2199 
66 212 
66 532 
66 862 
67 165 
67 207 
67 629 
67 711 
67 1311 
67 1881 
68 69 
68 117 
68 138 
68 529 
68 858 
68 891 
68 906 
68 1932 
68 2058 
69 202 
69 529 
69 943 
69 3282 
70 71 
70 104 
70 175 
70 176 
70 293 
70 307 
70 398 
70 512 
70 684 
71 86 
71 104 
71 116 
71 154 
71 155 
71 175 
71 193 
71 294 
71 330 
71 485 
71 512 
71 644 
71 834 
71 852 
71 1043 
71 1168 
71 1257 
71 1298 
71 1593 
71 1830 
72 73 
72 613 
72 1188 
73 496 
73 613 
73 839 
73 937 
73 1188 
74 75 
74 310 
74 1034 
74 1176 
74 1210 
74 1257 
74 1386 
74 1516 
75 1034 
75 2312 
76 77 
76 190 
76 1126 
77 117 
77 455 
77 464 
77 1304 
77 1332 
77 1794 
77 1848 
77 2106 
77 2414 
77 2553 
77 2741 
77 2746 
77 3096 
77 3714 
78 79 
78 80 
78 133 
78 191 
78 231 
78 295 
78 410 
78 559 
78 564 
78 853 
78 937 
78 1421 
78 1511 
78 1634 
78 2589 
79 80 
79 133 
79 191 
79 231 
79 410 
79 411 
79 853 
79 865 
80 133 
80 191 
80 231 
80 410 
80 411 
80 853 
80 2312 
81 82 
81 454 
81 698 
82 257 
82 454 
83 128 
83 136 
83 137 
83 141 
83 224 
83 242 
83 261 
83 273 
83 281 
83 445 
83 798 
83 1138 
83 1290 
83 1581 
84 169 
84 292 
84 891 
84 1270 
85 104 
85 115 
85 128 
85 136 
85 137 
85 139 
85 141 
85 224 
85 225 
85 229 
85 233 
85 261 
85 279 
85 281 
85 334 
85 408 
85 436 
85 446 
85 453 
85 510 
85 626 
85 627 
85 640 
85 641 
85 661 
85 681 
85 924 
85 1000 
85 1126 
85 1138 
85 1156 
85 1303 
85 1499 
85 1565 
85 1643 
85 1734 
85 1824 
86 104 
86 105 
87 88 
87 206 
87 452 
87 463 
87 511 
87 613 
87 638 
87 784 
87 842 
87 1382 
87 1421 
88 206 
88 576 
88 577 
88 598 
88 963 
88 1185 
88 1304 
88 1332 
88 1682 
88 1839 
88 2178 
88 2293 
88 2297 
88 3774 
89 90 
89 202 
89 507 
89 594 
89 1328 
89 2786 
90 121 
90 180 
90 201 
90 202 
90 278 
90 507 
90 594 
90 833 
90 999 
90 2375 
91 92 
91 1199 
91 2361 
92 170 
92 207 
92 220 
92 791 
92 1199 
92 1946 
92 2409 
92 2618 
92 3886 
93 94 
93 99 
93 118 
93 119 
93 332 
93 436 
93 466 
93 591 
93 705 
93 706 
93 1269 
93 1358 
93 1675 
93 1687 
93 1730 
93 1744 
93 1762 
93 1781 
93 3510 
94 2312 
95 96 
95 134 
95 244 
95 246 
95 322 
95 401 
95 459 
95 460 
95 552 
95 574 
95 627 
95 939 
96 117 
96 125 
96 160 
96 219 
96 220 
96 246 
96 299 
96 306 
96 574 
96 607 
96 644 
96 782 
96 821 
96 903 
96 970 
96 1000 
96 1187 
96 1442 
96 2165 
96 2193 
96 2212 
96 2223 
97 215 
97 386 
97 407 
97 894 
97 914 
97 1707 
97 1923 
98 507 
98 665 
98 1204 
98 1665 
98 1919 
98 1985 
98 2052 
98 2531 
98 2639 
98 2858 
98 2962 
98 2970 
98 3040 
98 3156 
98 3239 
98 3370 
98 3437 
98 3480 
98 3497 
98 3571 
98 3744 
99 391 
99 1709 
99 1818 
100 101 
100 681 
100 1643 
101 681 
101 2658 
102 103 
102 130 
102 187 
102 251 
102 297 
102 298 
102 340 
102 387 
102 431 
102 466 
102 504 
102 538 
102 609 
102 702 
102 880 
102 897 
102 938 
102 980 
102 1022 
102 1028 
102 1273 
102 1383 
102 1393 
102 1526 
102 1543 
102 1556 
102 1601 
102 1612 
102 2065 
103 104 
103 243 
103 288 
103 537 
103 575 
103 909 
103 940 
104 105 
104 115 
104 116 
104 175 
104 176 
104 192 
104 193 
104 233 
104 269 
104 282 
104 288 
104 292 
104 310 
104 330 
104 345 
104 366 
104 379 
104 438 
104 485 
104 501 
104 537 
104 575 
104 665 
104 684 
104 797 
104 799 
104 834 
104 852 
104 906 
104 908 
104 940 
104 1008 
104 1043 
104 1073 
104 1167 
104 1168 
104 1281 
104 1329 
104 1463 
104 1487 
104 1593 
104 1755 
104 1830 
104 1907 
104 1959 
104 2102 
104 2204 
104 2222 
105 170 
105 1286 
106 107 
106 252 
106 253 
106 319 
106 320 
106 382 
106 383 
106 509 
106 542 
106 554 
106 778 
106 920 
106 1165 
106 1326 
106 1993 
106 2301 
106 2537 
106 3520 
107 252 
107 253 
107 382 
107 383 
107 542 
107 778 
107 1326 
107 1746 
108 726 
108 727 
108 754 
108 2139 
109 110 
109 1047 
109 1048 
109 1964 
109 2017 
109 2042 
109 2062 
109 2703 
110 405 
110 753 
110 2004 
111 112 
111 139 
111 171 
111 346 
111 523 
111 524 
111 561 
111 613 
111 830 
111 925 
111 984 
111 1174 
111 1260 
111 1349 
111 1424 
111 1426 
111 1529 
111 1785 
111 1994 
111 2010 
111 2060 
111 2106 
111 3989 
112 139 
112 171 
112 262 
112 263 
112 276 
112 334 
112 545 
112 613 
112 767 
112 768 
112 769 
112 825 
112 830 
112 925 
112 932 
112 1039 
112 1349 
112 1350 
112 1455 
112 1468 
112 1529 
112 1774 
112 2145 
112 2175 
113 114 
113 380 
113 390 
113 761 
113 1046 
113 1812 
114 380 
114 456 
114 578 
114 1045 
114 1046 
114 1416 
115 116 
115 128 
115 136 
115 137 
115 175 
115 193 
115 199 
115 224 
115 226 
115 244 
115 279 
115 330 
115 347 
115 348 
115 366 
115 401 
115 408 
115 453 
115 499 
115 500 
115 665 
115 674 
115 692 
115 695 
115 764 
115 834 
115 1000 
115 1167 
115 1168 
115 1200 
115 1775 
115 1857 
115 2214 
115 3135 
116 170 
116 175 
116 193 
116 665 
116 834 
116 1167 
116 1755 
117 160 
117 170 
117 181 
117 212 
117 218 
117 220 
117 264 
117 306 
117 322 
117 339 
117 342 
117 384 
117 402 
117 417 
117 483 
117 496 
117 504 
117 542 
117 546 
117 679 
117 712 
117 744 
117 762 
117 782 
117 783 
117 859 
117 886 
117 895 
117 896 
117 903 
117 999 
117 1012 
117 1048 
117 1149 
117 1154 
117 1239 
117 1254 
117 1255 
117 1318 
117 1322 
117 1359 
117 1381 
117 1398 
117 1441 
117 1449 
117 1450 
117 1461 
117 1466 
117 1484 
117 1494 
117 1511 
117 1530 
117 1534 
117 1539 
117 1546 
117 1554 
117 1590 
117 1591 
117 1608 
117 1644 
117 1655 
117 1665 
117 1692 
117 1700 
117 1736 
117 1787 
117 1806 
117 1810 
117 1828 
117 1832 
117 1848 
117 1857 
117 1882 
117 1975 
117 1979 
117 1991 
117 1999 
117 2031 
117 2032 
117 2068 
117 2099 
117 2102 
117 2163 
117 2242 
117 2247 
117 2336 
117 2337 
117 2380 
117 2381 
117 2390 
117 2472 
117 2479 
117 2487 
117 2494 
117 2514 
117 2534 
117 2583 
117 2609 
117 2634 
117 2676 
117 2680 
117 2701 
117 2732 
117 2735 
117 2759 
117 2852 
117 2856 
117 2893 
117 2905 
117 2933 
117 2975 
117 3008 
117 3023 
117 3049 
117 3051 
117 3081 
117 3098 
117 3127 
117 3147 
117 3166 
117 3167 
117 3213 
117 3225 
117 3228 
117 3248 
117 3260 
117 3301 
117 3322 
117 3363 
117 3375 
117 3419 
117 3422 
117 3426 
117 3462 
117 3565 
117 3605 
117 3628 
117 3791 
117 3948 
117 4001 
118 119 
118 1232 
118 1269 
119 436 
120 121 
120 1199 
120 1547 
120 3083 
121 238 
121 704 
121 1547 
121 2458 
122 123 
122 160 
122 875 
123 759 
123 875 
124 125 
124 246 
124 496 
124 607 
124 631 
124 632 
124 669 
124 740 
124 1041 
124 1187 
124 1374 
124 1507 
125 244 
125 245 
125 246 
125 292 
125 320 
125 322 
125 401 
125 445 
125 460 
125 510 
125 518 
125 552 
125 574 
125 647 
125 1360 
126 127 
126 867 
126 988 
127 287 
127 867 
128 136 
128 137 
128 141 
128 224 
128 242 
128 261 
128 273 
128 279 
128 281 
128 408 
128 445 
128 453 
128 591 
128 1138 
128 1290 
128 1581 
128 1627 
128 2941 
128 3354 
129 257 
129 495 
129 587 
129 661 
129 1339 
129 1375 
129 1933 
130 187 
130 250 
130 251 
130 297 
130 298 
130 340 
130 387 
130 431 
130 466 
130 538 
130 897 
130 938 
130 1393 
130 1490 
130 1963 
130 2350 
130 2375 
130 2607 
131 132 
131 296 
131 350 
131 427 
131 1238 
131 2012 
132 296 
132 1238 
133 191 
133 231 
133 410 
133 411 
133 853 
134 135 
134 164 
134 232 
134 290 
134 291 
134 556 
134 557 
134 812 
134 902 
134 941 
134 969 
135 164 
135 258 
135 259 
135 290 
135 291 
135 660 
135 664 
135 941 
135 1072 
135 1158 
135 1163 
136 137 
136 141 
136 224 
136 242 
136 261 
136 273 
136 279 
136 281 
136 408 
136 445 
136 453 
136 591 
136 798 
136 1126 
136 1138 
136 1275 
136 1581 
136 2229 
136 2314 
136 3057 
137 141 
137 224 
137 242 
137 261 
137 273 
137 279 
137 281 
137 408 
137 445 
137 453 
137 661 
137 798 
137 1138 
137 1290 
137 1581 
138 1583 
139 140 
139 171 
139 229 
139 242 
139 262 
139 276 
139 334 
139 346 
139 372 
139 545 
139 767 
139 768 
139 825 
139 830 
139 925 
139 1349 
139 1350 
139 1366 
139 1455 
139 1468 
139 1774 
139 2175 
139 2375 
140 292 
140 1454 
141 224 
141 233 
141 242 
141 261 
141 273 
141 281 
141 445 
141 1138 
141 1290 
141 1581 
142 143 
142 586 
142 659 
142 1588 
142 1858 
142 2057 
142 2675 
142 3203 
143 156 
143 586 
143 659 
143 845 
143 1016 
143 1858 
143 2668 
143 3138 
143 3910 
144 863 
144 1407 
145 670 
145 1501 
145 2286 
146 147 
146 942 
146 1520 
147 465 
147 541 
147 624 
147 662 
147 942 
147 1018 
147 1098 
147 1520 
148 149 
149 696 
149 697 
149 797 
149 1261 
149 1779 
150 151 
150 1742 
151 1742 
152 153 
152 286 
152 577 
152 613 
152 1081 
152 1365 
153 253 
153 1081 
153 1365 
154 155 
154 797 
154 852 
154 1298 
155 434 
155 459 
155 574 
155 797 
155 1051 
155 1298 
155 1347 
156 157 
156 586 
156 1933 
157 233 
157 586 
157 1092 
157 1121 
157 1266 
157 2472 
158 159 
158 406 
158 582 
158 720 
158 898 
158 1461 
159 306 
159 583 
160 161 
160 166 
160 170 
160 196 
160 220 
160 255 
160 306 
160 322 
160 365 
160 409 
160 426 
160 450 
160 451 
160 481 
160 503 
160 505 
160 569 
160 594 
160 645 
160 649 
160 653 
160 720 
160 724 
160 786 
160 819 
160 821 
160 869 
160 903 
160 912 
160 939 
160 944 
160 981 
160 1001 
160 1014 
160 1041 
160 1046 
160 1049 
160 1060 
160 1094 
160 1132 
160 1172 
160 1183 
160 1199 
160 1260 
160 1289 
160 1300 
160 1332 
160 1394 
160 1395 
160 1424 
160 1434 
160 1436 
160 1528 
160 1547 
160 1563 
160 1592 
160 1616 
160 1691 
160 1730 
160 1778 
160 1786 
160 1823 
160 1837 
160 1853 
160 1882 
160 1968 
160 2051 
160 2108 
160 2139 
160 2163 
160 2282 
160 2348 
160 2357 
160 2364 
160 2373 
160 2411 
160 2425 
160 2463 
160 2495 
160 2500 
160 2501 
160 2546 
160 2571 
160 2593 
160 2597 
160 2634 
160 2651 
160 2652 
160 2655 
160 2677 
160 2681 
160 2714 
160 2734 
160 2766 
160 2803 
160 2846 
160 2853 
160 2882 
160 2895 
160 2899 
160 2906 
160 2952 
160 2995 
160 3063 
160 3064 
160 3113 
160 3128 
160 3144 
160 3175 
160 3181 
160 3186 
160 3197 
160 3355 
160 3375 
160 3386 
160 3399 
160 3413 
160 3431 
160 3441 
160 3494 
160 3532 
160 3542 
160 3665 
160 3691 
160 3701 
160 3837 
160 3854 
160 3859 
160 3933 
160 3973 
161 219 
161 220 
161 299 
161 409 
161 481 
161 503 
161 593 
161 1313 
161 1326 
161 2081 
163 164 
163 171 
163 172 
163 556 
163 1117 
163 1817 
163 1925 
164 258 
164 259 
164 290 
164 660 
164 664 
164 1072 
164 1949 
165 166 
165 219 
165 252 
165 299 
165 300 
165 387 
165 416 
165 481 
165 504 
165 505 
165 547 
165 665 
165 691 
165 821 
165 828 
165 970 
165 1049 
165 1060 
165 1065 
165 1194 
165 1220 
165 1313 
165 1334 
165 1356 
165 1722 
165 1766 
165 1778 
165 1908 
165 1950 
165 2108 
165 2266 
165 2503 
165 2519 
165 2546 
165 2618 
165 2804 
165 3093 
165 3215 
165 3222 
165 3572 
165 3585 
166 1263 
166 1575 
166 1581 
166 2698 
167 168 
167 190 
167 544 
167 564 
167 613 
167 718 
167 894 
167 1061 
167 1235 
167 1438 
167 1548 
168 203 
168 268 
168 437 
168 455 
168 506 
168 544 
168 565 
168 625 
168 672 
168 1087 
168 1114 
168 1661 
168 2124 
168 2291 
168 2292 
168 2549 
168 2604 
168 2709 
169 170 
169 1084 
169 1860 
170 190 
170 198 
170 211 
170 227 
170 289 
170 311 
170 329 
170 471 
170 568 
170 582 
170 598 
170 605 
170 730 
170 780 
170 783 
170 816 
170 891 
170 893 
170 1079 
170 1084 
170 1125 
170 1137 
170 1205 
170 1286 
170 1296 
170 1372 
170 1375 
170 1461 
170 1605 
170 1646 
170 1684 
170 1708 
170 1717 
170 1860 
170 1874 
170 1928 
170 1939 
170 1961 
170 2003 
170 2005 
170 2008 
170 2029 
170 2122 
170 2132 
170 2312 
170 2375 
170 3081 
170 3101 
170 3163 
170 3206 
170 3450 
171 172 
171 255 
171 262 
171 263 
171 276 
171 346 
171 545 
171 767 
171 768 
171 825 
171 830 
171 925 
171 1349 
171 1350 
171 1366 
171 1375 
171 1468 
171 1529 
171 1774 
171 1817 
171 2175 
171 2312 
171 3953 
172 1117 
172 1136 
172 1817 
172 1925 
172 3827 
173 174 
173 209 
173 219 
173 534 
173 543 
173 554 
173 724 
173 1088 
173 1118 
173 1310 
173 1317 
173 1457 
173 2543 
174 448 
174 534 
174 554 
175 176 
175 193 
175 233 
175 330 
175 485 
175 665 
175 684 
175 834 
175 1167 
175 1168 
175 1830 
175 2408 
176 193 
176 196 
176 233 
176 287 
176 363 
176 366 
176 378 
176 379 
176 428 
176 501 
176 665 
176 684 
176 760 
176 772 
176 790 
176 832 
176 876 
176 913 
176 1031 
176 1073 
176 1096 
176 1181 
176 1281 
176 1375 
177 178 
177 837 
177 2209 
178 421 
178 837 
178 2324 
179 182 
179 280 
179 353 
179 703 
179 979 
180 202 
180 248 
180 312 
180 422 
180 423 
180 444 
180 507 
180 594 
180 596 
180 704 
180 753 
180 1019 
180 1713 
181 220 
181 331 
181 384 
181 644 
181 730 
181 1379 
181 1559 
182 280 
182 562 
182 1814 
182 2267 
182 2554 
183 184 
183 845 
183 946 
183 1112 
183 1113 
183 1312 
183 1443 
183 1513 
183 1933 
183 2188 
183 2304 
184 845 
184 1849 
184 2301 
184 2312 
185 186 
185 210 
185 519 
185 520 
185 947 
185 962 
185 1066 
185 1715 
186 317 
186 520 
186 947 
186 962 
187 188 
187 251 
187 280 
187 298 
187 340 
187 360 
187 431 
187 466 
187 490 
187 508 
187 509 
187 538 
187 562 
187 563 
187 620 
187 702 
187 703 
187 713 
187 897 
187 927 
187 935 
187 938 
187 979 
187 1175 
187 1234 
187 1302 
187 1429 
187 1448 
187 1449 
187 1458 
187 1490 
187 1506 
187 1525 
187 1650 
187 1802 
187 1893 
187 1953 
187 1963 
187 2149 
188 466 
188 897 
188 1458 
188 1963 
188 3044 
189 190 
189 334 
189 405 
189 414 
189 440 
189 456 
189 486 
189 548 
189 677 
189 932 
189 1677 
189 3030 
190 334 
190 439 
190 440 
190 548 
190 608 
190 645 
190 689 
190 893 
190 1080 
190 1208 
190 1280 
190 1638 
190 1731 
190 1760 
190 1854 
190 2000 
190 2269 
191 231 
191 410 
191 411 
191 853 
191 865 
191 1634 
192 193 
192 330 
192 373 
192 438 
192 673 
192 834 
192 981 
192 982 
192 1153 
193 282 
193 330 
193 366 
193 485 
193 834 
193 1167 
193 1168 
193 1487 
193 1572 
193 1830 
193 1959 
193 2204 
193 2222 
194 414 
194 544 
194 1012 
194 1370 
195 196 
195 415 
195 1413 
196 233 
196 363 
196 366 
196 367 
196 378 
196 379 
196 428 
196 501 
196 665 
196 760 
196 790 
196 876 
196 913 
196 1031 
196 1073 
196 1096 
196 1181 
196 1375 
196 1413 
196 2375 
196 2729 
197 198 
197 599 
197 1558 
197 2332 
197 2869 
198 199 
198 216 
198 369 
198 401 
198 446 
198 552 
198 599 
198 676 
198 759 
198 933 
198 1083 
198 1337 
198 1434 
198 1532 
198 1558 
198 1598 
198 1690 
198 2061 
199 200 
199 401 
199 446 
199 1000 
199 1150 
199 1775 
199 2033 
199 2202 
199 2214 
200 401 
200 446 
200 1000 
200 1150 
200 2033 
200 2202 
200 2214 
201 202 
201 278 
201 507 
201 833 
201 1348 
201 1518 
201 2052 
202 248 
202 278 
202 312 
202 422 
202 507 
202 594 
202 833 
202 839 
202 1328 
203 1319 
203 2478 
204 205 
204 1323 
204 2973 
205 1323 
205 3463 
206 286 
206 638 
206 1382 
206 1421 
206 1602 
207 208 
207 257 
207 354 
207 382 
207 421 
207 479 
207 552 
207 621 
207 640 
207 665 
207 691 
207 776 
207 823 
207 890 
207 971 
207 1034 
207 1109 
207 1118 
207 1192 
207 1193 
207 1367 
207 1390 
207 1493 
207 1604 
207 1612 
207 1655 
207 1659 
207 1767 
207 1834 
207 2000 
207 2020 
207 2199 
207 2347 
207 2377 
207 2398 
207 2406 
207 2425 
207 2515 
207 2544 
207 2671 
207 2687 
207 2781 
207 2836 
207 2936 
207 2940 
207 3022 
207 3053 
207 3100 
207 3126 
207 3139 
207 3211 
207 3266 
207 3334 
207 3400 
207 3417 
207 3423 
207 3461 
207 3533 
207 3603 
207 3669 
207 3740 
207 3742 
207 3790 
207 3809 
207 3833 
207 3868 
207 3891 
207 3955 
208 1767 
208 2237 
209 210 
209 369 
209 464 
209 844 
209 870 
209 894 
209 921 
209 1076 
209 1178 
209 1438 
209 1488 
209 1548 
209 1641 
209 1710 
209 2121 
210 295 
210 464 
210 520 
210 718 
210 864 
210 894 
210 962 
210 1066 
211 314 
211 2518 
212 213 
212 220 
212 284 
212 285 
212 303 
212 381 
212 392 
212 393 
212 532 
212 533 
212 558 
212 736 
212 823 
212 829 
212 862 
212 934 
212 1028 
212 1085 
212 1103 
212 1134 
212 1217 
212 1233 
212 1237 
212 1274 
212 1411 
212 1504 
212 1603 
212 1639 
212 1680 
212 1795 
212 1920 
212 2153 
212 2154 
212 2199 
212 2203 
212 2241 
212 2273 
212 2915 
213 381 
213 533 
213 829 
213 862 
214 215 
214 386 
214 613 
214 738 
215 370 
215 407 
215 429 
215 546 
215 907 
215 1761 
215 2351 
216 489 
216 963 
217 218 
217 584 
217 585 
217 644 
217 744 
217 880 
217 1026 
217 1077 
217 1158 
217 1176 
217 1222 
217 1223 
217 1612 
217 1748 
217 1927 
218 584 
218 585 
218 744 
218 880 
218 975 
218 1026 
218 1077 
218 1158 
218 1222 
218 1223 
218 1375 
218 1504 
218 1543 
218 1612 
219 220 
219 322 
219 593 
219 701 
219 720 
219 724 
219 911 
219 939 
219 977 
219 1049 
219 1165 
219 1254 
219 1267 
219 1313 
219 1326 
219 1783 
219 1872 
219 2353 
219 2495 
219 2546 
220 299 
220 306 
220 322 
220 355 
220 402 
220 460 
220 481 
220 496 
220 574 
220 782 
220 795 
220 821 
220 896 
220 903 
220 970 
220 1313 
220 1421 
220 1461 
220 1530 
220 1591 
220 1608 
220 1665 
220 1692 
220 1796 
220 1798 
220 1810 
220 2031 
220 2068 
220 2336 
220 2337 
220 2381 
220 2479 
220 2504 
220 2680 
220 2856 
220 3008 
220 3023 
220 3182 
220 3248 
220 3426 
220 3845 
221 222 
221 509 
221 1006 
221 1250 
221 1658 
221 1777 
221 1877 
221 3033 
222 1508 
223 224 
223 581 
223 843 
224 242 
224 261 
224 273 
224 279 
224 281 
224 408 
224 445 
224 453 
224 591 
224 661 
224 798 
224 1138 
224 1290 
224 1581 
224 1739 
224 2162 
224 2430 
224 2668 
224 2914 
225 226 
225 244 
225 355 
225 400 
225 692 
225 693 
225 695 
225 813 
225 923 
225 961 
225 1093 
225 1469 
225 1517 
225 1537 
225 1734 
226 244 
226 347 
226 348 
226 355 
226 499 
226 500 
226 692 
226 693 
226 695 
226 813 
226 923 
226 961 
226 1093 
226 1200 
226 1517 
226 1537 
226 1734 
227 228 
228 1115 
228 2483 
228 2729 
229 230 
229 233 
229 378 
229 501 
229 665 
229 798 
229 832 
229 1281 
229 1366 
229 1769 
230 1880 
230 2091 
231 410 
231 853 
232 290 
232 291 
232 556 
232 557 
232 664 
232 812 
232 902 
232 1895 
232 2763 
233 269 
233 379 
233 436 
233 452 
233 469 
233 589 
233 622 
233 627 
233 684 
233 692 
233 717 
233 774 
233 836 
233 1045 
233 1081 
233 1183 
233 1195 
233 1211 
233 1238 
233 1394 
233 1425 
233 1428 
233 1455 
233 1483 
233 1498 
233 1591 
233 1779 
233 1895 
233 1914 
233 1972 
233 1978 
233 1989 
233 2139 
233 2173 
233 2202 
233 2239 
233 2295 
233 2334 
233 2375 
233 2429 
233 2492 
233 2497 
233 2506 
233 2512 
233 2575 
233 2580 
233 2605 
233 2656 
233 2664 
233 2707 
233 2720 
233 2730 
233 2783 
233 2823 
233 2834 
233 2845 
233 2852 
233 2879 
233 2927 
233 2928 
233 2965 
233 3046 
233 3063 
233 3068 
233 3085 
233 3170 
233 3177 
233 3208 
233 3362 
233 3393 
233 3396 
233 3409 
233 3509 
233 3528 
233 3558 
233 3559 
233 3595 
233 3619 
233 3620 
233 3646 
233 3706 
233 3727 
233 3776 
233 3781 
233 3812 
233 3857 
233 3874 
234 235 
234 558 
234 756 
234 862 
234 1515 
234 1614 
234 1637 
234 2312 
234 2931 
234 3683 
234 3728 
234 3793 
235 416 
235 1319 
236 237 
236 1521 
236 2312 
236 2375 
237 2085 
237 2871 
239 2722 
239 3399 
240 241 
240 243 
240 249 
240 288 
240 537 
240 575 
240 809 
240 836 
240 1017 
240 2084 
241 243 
241 249 
241 537 
241 575 
241 809 
241 836 
241 910 
241 971 
241 972 
241 993 
241 1017 
241 1211 
241 2084 
242 261 
242 273 
242 281 
242 445 
242 591 
242 604 
242 798 
242 821 
242 1138 
242 1290 
242 1581 
243 249 
243 537 
243 575 
243 809 
243 836 
243 908 
243 1017 
243 1567 
243 3071 
244 246 
244 355 
244 484 
244 682 
244 692 
244 693 
244 695 
244 813 
244 923 
244 961 
244 1093 
244 1264 
244 1517 
244 1537 
244 1551 
244 1734 
245 246 
245 518 
245 607 
245 656 
245 839 
245 860 
245 889 
245 1187 
245 1243 
246 322 
246 401 
246 445 
246 459 
246 510 
246 512 
246 518 
246 552 
246 574 
246 647 
246 676 
246 1187 
246 1517 
246 1611 
246 1848 
246 2138 
246 2173 
246 2233 
246 2234 
246 3427 
246 3903 
247 248 
247 469 
247 470 
247 978 
247 1328 
248 469 
248 470 
248 978 
248 1204 
248 1328 
249 288 
249 537 
249 575 
249 809 
249 836 
249 1017 
250 251 
250 283 
250 298 
250 387 
250 431 
250 538 
250 938 
250 1393 
250 1526 
250 3688 
251 297 
251 298 
251 387 
251 431 
251 466 
251 505 
251 538 
251 703 
251 938 
251 1393 
251 1490 
251 1963 
252 253 
252 382 
252 383 
252 542 
252 940 
252 1746 
252 1933 
252 2131 
253 270 
253 382 
253 383 
253 2053 
254 2527 
255 256 
255 315 
255 505 
255 583 
255 628 
255 1676 
256 558 
256 756 
257 739 
257 3853 
258 259 
258 660 
258 664 
258 845 
258 941 
258 1072 
259 660 
259 664 
259 1072 
260 526 
260 780 
261 273 
261 281 
261 445 
261 798 
261 1138 
261 1290 
261 1581 
262 263 
262 276 
262 334 
262 346 
262 545 
262 767 
262 768 
262 825 
262 830 
262 925 
262 1093 
262 1349 
262 1350 
262 1366 
262 1455 
262 1468 
262 1529 
262 1774 
262 1850 
262 2145 
262 2175 
263 276 
263 545 
263 767 
263 768 
263 825 
263 830 
263 925 
263 1349 
263 1455 
263 1468 
263 2175 
263 2263 
264 265 
264 1009 
264 1554 
264 1720 
265 1554 
265 1720 
266 267 
266 321 
266 422 
266 618 
266 668 
266 753 
266 975 
266 1375 
266 3858 
267 324 
267 668 
267 773 
267 1348 
267 1519 
268 625 
268 1061 
268 1167 
270 975 
271 272 
271 2729 
272 648 
272 854 
272 855 
272 892 
272 1116 
272 1404 
273 281 
273 445 
273 798 
273 1138 
273 1290 
273 1581 
274 275 
274 1214 
275 425 
275 779 
275 1214 
275 2304 
275 2984 
276 346 
276 545 
276 767 
276 768 
276 825 
276 830 
276 925 
276 1349 
276 1350 
276 1366 
276 1468 
276 1529 
276 1774 
276 2175 
277 278 
277 364 
277 833 
277 983 
277 1100 
278 507 
278 833 
278 983 
278 3052 
278 3977 
279 408 
279 453 
279 1596 
280 562 
280 573 
280 975 
280 979 
281 445 
281 799 
281 1138 
282 834 
282 975 
282 1167 
282 1340 
282 2152 
283 310 
283 387 
283 431 
283 504 
283 505 
283 938 
283 1220 
283 2237 
283 2304 
283 2642 
284 285 
284 381 
284 532 
284 533 
284 741 
284 829 
284 862 
284 1062 
284 1103 
284 1274 
284 1680 
284 1795 
284 2207 
284 2332 
285 532 
285 634 
285 1103 
285 1233 
285 1274 
285 1680 
285 2199 
285 2241 
286 564 
286 613 
286 718 
286 822 
286 1061 
286 1130 
286 1235 
286 2312 
287 366 
287 587 
287 665 
287 799 
287 876 
287 1281 
287 2151 
288 575 
288 617 
288 909 
288 940 
288 1017 
288 2534 
289 496 
289 567 
289 568 
289 694 
289 792 
289 814 
289 844 
289 921 
289 1054 
289 1076 
289 1125 
289 1566 
289 1918 
290 291 
290 556 
290 557 
290 902 
290 969 
290 1912 
291 556 
291 557 
291 902 
291 969 
291 1592 
291 1614 
292 641 
292 1937 
292 2492 
292 2502 
293 294 
293 307 
293 398 
293 512 
293 684 
293 980 
294 396 
294 512 
294 1156 
294 1499 
294 1565 
295 296 
295 371 
295 498 
295 815 
295 937 
295 1351 
295 2316 
295 3185 
296 928 
297 298 
297 431 
297 538 
297 938 
297 1165 
298 387 
298 431 
298 538 
298 897 
298 938 
298 1393 
298 1490 
299 300 
299 322 
299 326 
299 365 
299 481 
299 518 
299 555 
299 939 
299 970 
299 1001 
299 1065 
299 1450 
299 1574 
299 1629 
299 1631 
299 1900 
299 1908 
299 2312 
301 302 
301 1159 
301 1391 
301 2662 
302 975 
302 1065 
302 1159 
302 1221 
302 1391 
302 1621 
302 2108 
302 2375 
302 2479 
303 532 
303 756 
303 862 
303 1028 
303 1085 
303 1680 
303 2056 
304 305 
305 762 
305 2304 
306 416 
306 582 
306 649 
306 903 
307 396 
307 398 
307 512 
307 684 
307 1143 
307 2312 
308 309 
308 374 
308 375 
308 483 
308 549 
308 569 
308 755 
308 774 
308 1146 
308 1801 
308 1888 
309 374 
309 375 
309 483 
309 549 
309 569 
309 755 
309 774 
309 781 
309 1146 
310 487 
310 878 
310 975 
310 1007 
310 1044 
310 1157 
310 1589 
310 1668 
310 1706 
310 1743 
310 1865 
310 2090 
310 2114 
310 2312 
310 2747 
310 2786 
310 3888 
311 2312 
312 507 
312 594 
312 1019 
312 2408 
312 3622 
313 314 
313 1831 
313 1983 
314 380 
314 461 
314 633 
314 1058 
314 1250 
314 2042 
314 2123 
314 2887 
314 2902 
314 2987 
314 3041 
314 3784 
314 3860 
315 551 
315 583 
315 628 
316 317 
317 763 
317 921 
317 1548 
317 1641 
317 1997 
317 2115 
318 1164 
319 320 
319 1343 
319 1871 
321 322 
321 593 
321 762 
321 875 
321 928 
321 940 
321 1147 
321 1935 
321 2002 
321 2104 
321 2375 
321 2546 
321 2832 
321 2878 
321 2887 
321 2981 
321 3239 
321 3370 
321 3371 
321 3394 
321 3465 
321 3630 
321 3732 
322 343 
322 436 
322 558 
322 574 
322 593 
322 644 
322 782 
322 802 
322 821 
322 922 
322 1187 
322 1569 
322 1626 
322 1665 
322 2235 
322 3822 
323 324 
323 427 
323 612 
323 1155 
323 1641 
324 402 
324 426 
324 839 
324 1060 
324 1082 
324 1348 
324 1519 
324 1866 
324 1962 
324 2201 
325 501 
325 502 
325 2603 
327 328 
327 454 
327 1452 
327 1640 
327 1819 
328 389 
328 904 
328 923 
328 1326 
328 1899 
328 1960 
328 2309 
328 2588 
328 3759 
329 335 
329 987 
329 3819 
330 366 
330 387 
330 485 
330 1167 
330 1168 
330 2204 
330 2312 
330 2375 
330 2596 
331 384 
331 549 
331 644 
331 730 
331 1379 
331 1559 
332 580 
332 1933 
332 2332 
333 334 
333 860 
334 346 
334 456 
334 548 
334 769 
334 825 
334 1276 
334 1350 
334 1366 
334 1738 
334 2923 
335 987 
335 1949 
336 337 
336 434 
336 441 
336 560 
336 851 
336 986 
336 1127 
336 1177 
336 1534 
337 851 
337 1127 
337 1177 
338 339 
338 599 
338 1435 
338 1514 
338 1635 
338 1690 
338 1773 
338 1922 
339 389 
339 664 
339 1814 
339 1933 
339 2409 
339 2528 
339 2878 
340 431 
340 466 
340 538 
340 703 
340 713 
340 897 
340 931 
340 938 
340 1458 
340 1963 
340 2312 
341 342 
341 385 
341 1124 
342 508 
342 532 
342 742 
342 1000 
342 1103 
342 1176 
342 1274 
342 1275 
342 1429 
342 1543 
342 1609 
342 1729 
342 1805 
342 1841 
342 1886 
342 1982 
342 2157 
342 2159 
342 2205 
342 3172 
342 3195 
343 455 
344 345 
345 815 
345 966 
345 1061 
345 1078 
345 1368 
345 1402 
345 1467 
345 1723 
345 1836 
345 1876 
346 767 
346 768 
346 825 
346 979 
346 1321 
346 1350 
346 1366 
346 1455 
346 1656 
346 3055 
346 3825 
347 348 
347 499 
347 500 
347 591 
347 674 
347 692 
347 695 
347 1200 
347 1236 
347 1857 
347 3000 
348 499 
348 500 
348 674 
348 692 
348 695 
348 1200 
348 1857 
348 2332 
348 3000 
349 350 
349 402 
349 461 
349 462 
349 472 
349 596 
349 612 
349 904 
349 1035 
349 1058 
349 1238 
349 1297 
349 1392 
349 1582 
349 2375 
350 402 
350 426 
350 1339 
351 352 
351 386 
351 738 
351 882 
351 1702 
351 1756 
351 1897 
352 887 
352 2441 
352 3408 
353 354 
353 416 
353 868 
353 1616 
353 1644 
353 1809 
353 2143 
353 3483 
354 812 
354 1393 
354 2116 
354 2143 
354 2161 
354 4000 
355 665 
355 692 
355 693 
355 695 
355 813 
355 923 
355 961 
355 1093 
355 1264 
355 1469 
355 1517 
355 1537 
355 1734 
355 2078 
355 2198 
356 454 
356 698 
357 358 
357 2463 
358 967 
358 1613 
359 360 
359 620 
359 702 
359 703 
359 1490 
359 1644 
359 1669 
359 1796 
359 1798 
359 1883 
359 2103 
359 2146 
359 2150 
359 2162 
359 3277 
359 3696 
360 897 
360 1089 
360 1644 
360 1669 
360 1715 
360 1798 
360 1883 
360 2103 
360 2146 
360 2150 
360 2162 
360 3277 
361 362 
361 880 
361 1748 
361 1927 
361 2058 
361 2385 
361 2852 
361 3508 
362 1993 
362 2077 
363 366 
363 378 
363 379 
363 428 
363 501 
363 665 
363 760 
363 772 
363 790 
363 876 
363 913 
363 1031 
363 1073 
363 1096 
363 1181 
363 1375 
364 365 
364 430 
364 450 
364 786 
364 833 
364 944 
364 983 
364 1528 
364 3752 
365 450 
365 786 
365 944 
365 1313 
365 1528 
366 367 
366 378 
366 379 
366 428 
366 501 
366 665 
366 760 
366 772 
366 790 
366 834 
366 876 
366 913 
366 1031 
366 1073 
366 1181 
366 1281 
367 378 
367 379 
367 591 
367 665 
367 760 
367 772 
367 876 
367 913 
367 1073 
367 1096 
367 1181 
367 1286 
367 1375 
369 576 
369 1780 
370 386 
370 973 
370 998 
370 1509 
370 2221 
371 450 
371 613 
371 1825 
371 1892 
371 1978 
372 1174 
372 1366 
372 2163 
373 438 
373 673 
373 981 
373 982 
373 1153 
374 375 
374 399 
374 483 
374 549 
374 569 
374 755 
374 774 
374 818 
374 1029 
374 1146 
374 1286 
374 1801 
374 1888 
375 399 
375 483 
375 549 
375 755 
375 774 
375 818 
375 1888 
375 3339 
376 377 
376 914 
377 894 
377 914 
378 379 
378 501 
378 591 
378 665 
378 760 
378 781 
378 790 
378 876 
378 913 
378 1031 
378 1073 
378 1096 
378 1181 
378 1286 
379 501 
379 665 
379 760 
379 772 
379 876 
379 913 
379 1024 
379 1031 
379 1073 
379 1239 
379 1375 
379 2596 
380 456 
380 507 
380 668 
380 753 
380 1046 
380 2626 
380 2900 
380 3026 
381 532 
381 533 
381 558 
381 601 
381 736 
381 741 
381 823 
381 829 
381 862 
381 1028 
381 1085 
381 1134 
381 1217 
381 1233 
381 1299 
381 1603 
381 1639 
381 1680 
381 1795 
381 2154 
381 2155 
381 2156 
381 2160 
381 2199 
382 383 
382 542 
382 778 
382 1746 
383 542 
383 1326 
383 1882 
383 2337 
384 644 
384 714 
384 730 
384 1379 
384 1559 
384 2172 
384 3156 
385 386 
385 839 
386 407 
386 429 
386 546 
386 718 
386 907 
386 1145 
386 1368 
386 1761 
386 2524 
386 2877 
386 3655 
387 416 
387 431 
387 538 
387 559 
387 617 
387 651 
387 938 
387 1393 
387 1526 
387 1817 
387 3293 
387 3434 
388 979 
388 1585 
388 2009 
389 390 
389 402 
389 447 
389 504 
389 693 
389 752 
389 896 
389 969 
389 1044 
389 1205 
389 1245 
389 1254 
389 1256 
389 1322 
389 1326 
389 1343 
389 1359 
389 1421 
389 1477 
389 1484 
389 1510 
389 1530 
389 1590 
389 1608 
389 1622 
389 1654 
389 1692 
389 1787 
389 1806 
389 1828 
389 1882 
389 2003 
389 2026 
389 2031 
389 2032 
389 2041 
389 2314 
389 2381 
389 2409 
389 2479 
389 2504 
389 2534 
389 2609 
389 2634 
389 2680 
389 2701 
389 2735 
389 2856 
389 2905 
389 2933 
389 3008 
389 3147 
389 3176 
389 3248 
389 3633 
389 3707 
390 402 
390 426 
390 507 
390 1226 
390 1228 
390 2254 
392 393 
392 517 
392 619 
392 719 
392 822 
392 934 
392 936 
393 482 
393 517 
393 719 
393 822 
393 934 
394 395 
394 1057 
394 1086 
394 1252 
394 1361 
394 1578 
394 1678 
394 1753 
394 1903 
395 1086 
395 1578 
395 1678 
395 1753 
395 1807 
395 1903 
396 397 
396 512 
396 684 
396 1078 
396 1156 
396 1499 
396 1516 
396 1563 
396 1565 
396 1711 
396 1726 
396 2059 
396 2452 
398 512 
398 684 
398 979 
398 1867 
398 2347 
398 2388 
398 3191 
399 483 
399 818 
399 2818 
400 891 
400 892 
400 926 
400 1651 
400 1734 
401 446 
401 552 
401 553 
401 574 
401 654 
401 655 
401 676 
401 759 
401 787 
401 798 
401 818 
401 933 
401 951 
401 994 
401 1000 
401 1140 
401 1150 
401 1301 
401 1694 
401 1775 
401 2202 
402 461 
402 612 
402 668 
402 789 
402 940 
402 1238 
402 1297 
402 1392 
402 1628 
402 1667 
402 1833 
402 2409 
403 404 
403 535 
403 536 
403 650 
403 835 
403 965 
403 1335 
404 536 
404 570 
404 639 
404 835 
404 845 
404 1913 
405 406 
405 820 
405 1250 
405 1282 
405 1966 
405 2017 
406 600 
406 1048 
406 1105 
406 1201 
406 1277 
408 453 
408 661 
408 1534 
408 1848 
409 481 
409 503 
409 3652 
409 3969 
410 411 
410 853 
410 865 
410 1167 
410 1196 
410 1634 
411 1260 
411 2843 
412 413 
412 985 
412 986 
412 1052 
412 1378 
412 1473 
412 1611 
412 1625 
412 2176 
413 434 
413 845 
413 975 
413 986 
413 1052 
413 1229 
414 415 
414 445 
414 592 
414 606 
414 712 
414 714 
414 725 
414 735 
414 817 
414 832 
414 1120 
414 1126 
414 1181 
414 1209 
414 1281 
414 1284 
414 1917 
414 1984 
414 2036 
415 781 
416 505 
416 582 
416 583 
416 649 
416 812 
416 940 
416 1220 
416 1250 
416 1463 
416 2679 
416 3483 
417 418 
417 589 
417 590 
417 879 
417 930 
417 1185 
417 1198 
418 589 
418 590 
418 879 
418 1185 
418 1198 
418 2312 
419 420 
419 698 
419 952 
419 1757 
419 1954 
419 2426 
420 1034 
421 698 
421 837 
422 423 
422 444 
422 507 
422 596 
422 668 
422 704 
422 753 
422 1034 
422 1497 
423 618 
423 633 
423 668 
423 753 
423 845 
423 935 
423 999 
423 1154 
423 2460 
424 425 
424 2301 
425 617 
425 635 
425 888 
425 1627 
425 2494 
425 3224 
425 3629 
426 427 
426 479 
426 612 
426 1035 
426 1238 
426 1297 
426 1392 
426 1874 
427 1226 
427 1677 
427 2223 
427 2287 
427 2909 
427 3310 
428 665 
428 760 
428 1073 
429 546 
429 907 
429 1665 
430 828 
430 1725 
430 2110 
430 2720 
430 3912 
431 538 
431 713 
431 938 
431 1393 
431 1490 
432 433 
432 554 
432 1190 
432 1191 
432 2957 
433 1190 
433 1191 
433 2957 
434 986 
434 1052 
434 1229 
434 1473 
435 436 
435 872 
435 1048 
435 1122 
435 2051 
436 579 
436 1289 
437 544 
437 1169 
437 3173 
438 981 
439 440 
439 548 
439 689 
439 893 
439 1080 
440 689 
440 893 
440 1080 
441 780 
441 2117 
442 443 
443 887 
443 1357 
443 1635 
443 2648 
443 2782 
444 513 
444 588 
444 596 
444 615 
444 646 
444 704 
444 753 
444 948 
444 1577 
444 1713 
444 1763 
445 552 
445 574 
445 607 
445 798 
445 1027 
445 1138 
445 1187 
445 1290 
445 1405 
445 1581 
445 3112 
446 552 
446 553 
446 933 
446 994 
446 1000 
446 1150 
446 1369 
446 1543 
446 1694 
446 1775 
446 2033 
446 2198 
446 2202 
446 2214 
446 2370 
446 2481 
447 456 
447 511 
447 752 
447 1076 
447 1125 
448 449 
448 534 
448 554 
448 1064 
448 1118 
448 1149 
448 1165 
448 1474 
448 1747 
448 2312 
449 1474 
450 535 
450 649 
450 678 
450 737 
450 786 
450 944 
450 1218 
450 1313 
450 1421 
450 1528 
450 1536 
450 1779 
450 1842 
450 1935 
450 2267 
450 2347 
450 2456 
450 3134 
450 3347 
450 3602 
450 3718 
450 3783 
451 452 
451 463 
451 480 
451 511 
451 596 
451 784 
451 1081 
452 463 
452 784 
452 2312 
453 665 
453 3448 
454 698 
455 456 
456 578 
456 940 
456 1691 
456 2724 
457 458 
457 746 
457 1195 
457 1674 
458 788 
458 1432 
458 1813 
459 460 
459 574 
459 627 
459 676 
459 692 
459 798 
459 961 
459 1298 
459 1671 
460 552 
460 574 
460 627 
460 644 
460 694 
460 709 
460 736 
460 911 
460 937 
460 1300 
460 1566 
460 1627 
460 1751 
460 1914 
460 2301 
460 2689 
461 462 
461 472 
461 597 
461 633 
461 668 
461 762 
461 919 
461 957 
461 1058 
461 1228 
461 1238 
461 1297 
461 1582 
461 2312 
461 2761 
461 2942 
461 3723 
462 762 
462 1840 
462 1919 
463 784 
464 718 
464 870 
464 875 
464 1044 
464 1178 
464 1375 
465 942 
465 1098 
465 3539 
466 538 
466 713 
466 897 
466 1326 
466 1458 
466 1963 
466 2149 
467 468 
467 873 
467 2332 
467 3057 
467 3466 
467 3603 
468 791 
468 1259 
468 1792 
469 470 
469 978 
469 1328 
469 2237 
470 764 
470 831 
470 978 
470 1328 
470 1469 
470 1794 
470 1914 
470 2815 
471 943 
471 1298 
472 633 
472 1058 
472 2039 
472 2432 
472 3659 
473 474 
473 3042 
474 597 
474 616 
474 617 
474 885 
474 1733 
474 3042 
475 525 
475 995 
476 477 
476 2863 
479 562 
479 1564 
479 2729 
479 2888 
480 843 
481 503 
481 720 
481 1292 
481 1908 
482 496 
482 517 
482 565 
482 785 
482 814 
482 934 
482 1020 
482 1326 
483 549 
483 569 
483 755 
483 774 
483 818 
483 1146 
483 1801 
483 1888 
483 2198 
484 543 
484 814 
484 1088 
484 1551 
485 834 
485 1167 
485 1830 
485 2204 
485 2615 
486 487 
486 566 
487 566 
487 690 
487 1044 
487 1627 
487 3646 
488 489 
488 963 
488 1003 
488 1436 
488 1532 
488 1923 
489 544 
489 1326 
489 1342 
489 2111 
489 2371 
489 2694 
489 2744 
489 3463 
489 3630 
490 491 
490 2884 
491 2317 
492 493 
492 1074 
493 880 
493 1473 
494 495 
494 587 
494 661 
494 1170 
494 1174 
494 1521 
495 587 
495 661 
495 1000 
495 1170 
495 2085 
496 497 
496 529 
496 567 
496 568 
496 602 
496 810 
496 892 
496 1188 
496 1686 
496 1792 
496 1797 
496 1967 
496 3070 
498 928 
498 929 
498 1351 
499 500 
499 674 
499 692 
499 695 
499 1200 
499 1260 
499 1857 
500 591 
500 1200 
500 1857 
501 502 
501 591 
501 665 
501 684 
501 760 
501 790 
501 913 
501 1073 
501 1096 
501 1181 
501 1375 
503 944 
503 1129 
503 1326 
503 2495 
503 3137 
504 505 
504 1393 
504 1526 
504 1954 
504 2507 
504 2518 
504 3574 
505 906 
505 938 
505 1526 
505 1954 
505 2507 
505 2992 
507 594 
507 701 
507 753 
507 863 
507 974 
507 1019 
507 1238 
507 1308 
507 1456 
507 1518 
507 1653 
507 1670 
507 1695 
508 509 
508 532 
508 713 
508 829 
508 886 
508 897 
508 935 
508 954 
508 1154 
508 1175 
508 1234 
508 1240 
508 1274 
508 1393 
508 1758 
508 1794 
508 2042 
508 2253 
508 2959 
508 4005 
509 559 
509 563 
509 703 
509 713 
509 897 
509 919 
509 927 
509 935 
509 977 
509 1021 
509 1154 
509 1175 
509 1234 
509 1405 
509 1666 
509 1794 
509 2033 
509 2076 
509 2889 
510 552 
510 759 
510 994 
511 638 
511 1459 
511 1766 
511 1814 
512 684 
512 687 
512 1156 
512 1499 
512 1565 
512 2689 
512 3155 
513 514 
513 596 
513 614 
513 615 
513 646 
513 753 
513 948 
513 1035 
514 614 
514 615 
514 646 
514 948 
514 2243 
515 516 
515 1203 
515 1864 
515 2096 
515 3078 
516 1110 
517 719 
517 822 
517 934 
518 619 
518 656 
518 805 
518 889 
518 1378 
518 1800 
518 2136 
518 3564 
519 520 
519 881 
519 947 
519 962 
519 1715 
520 947 
520 962 
520 1066 
520 1160 
520 1715 
520 3657 
521 522 
521 722 
521 1081 
521 1461 
521 2259 
522 722 
523 524 
523 561 
523 863 
523 984 
523 1260 
523 1424 
523 1785 
523 1994 
523 2010 
523 2060 
523 2106 
523 3289 
524 561 
524 819 
524 984 
524 1126 
524 1260 
524 1424 
524 1426 
524 1505 
524 1785 
524 1994 
524 2010 
524 2060 
524 2106 
525 995 
525 1618 
526 780 
526 794 
526 2301 
527 528 
530 531 
530 2552 
530 2826 
532 533 
532 558 
532 741 
532 823 
532 829 
532 862 
532 1002 
532 1085 
532 1103 
532 1134 
532 1217 
532 1233 
532 1237 
532 1274 
532 1299 
532 1411 
532 1504 
532 1680 
532 1795 
532 2154 
532 2155 
532 2160 
532 2199 
532 2207 
532 2241 
532 2270 
532 2880 
532 2915 
532 3292 
532 3388 
533 829 
533 862 
533 1002 
533 1062 
533 1085 
533 1233 
533 1504 
533 1603 
533 1680 
533 1795 
533 2160 
533 2207 
533 2241 
533 2915 
534 543 
534 554 
534 918 
534 1054 
534 1940 
534 2040 
535 964 
535 1130 
535 1562 
535 1767 
535 3816 
536 613 
536 835 
536 964 
536 1009 
536 1335 
536 2172 
536 3616 
537 575 
537 809 
537 836 
537 908 
537 1017 
538 713 
538 938 
538 1393 
539 540 
539 683 
539 828 
539 940 
540 2033 
540 2729 
541 942 
541 1520 
543 1088 
543 1870 
543 1940 
544 817 
544 1013 
544 1273 
544 1370 
544 2486 
544 3729 
545 767 
545 768 
545 825 
545 830 
545 925 
545 1349 
545 1350 
545 1468 
545 1529 
546 907 
546 1761 
546 1814 
546 2443 
547 1326 
547 1433 
547 1814 
547 3626 
548 689 
548 893 
548 932 
548 1080 
549 774 
549 1146 
549 1801 
549 3527 
551 583 
551 1655 
551 3526 
551 3748 
552 553 
552 574 
552 607 
552 627 
552 759 
552 933 
552 994 
552 1000 
552 1140 
552 1301 
552 1347 
552 1694 
552 1965 
553 654 
553 655 
553 676 
553 759 
553 787 
553 798 
553 933 
553 951 
553 994 
553 1000 
553 1759 
553 2076 
553 2675 
554 846 
554 1120 
554 1575 
555 782 
556 557 
556 902 
556 941 
556 969 
556 1614 
556 1895 
557 902 
557 1895 
557 2094 
558 709 
558 736 
558 756 
558 823 
558 862 
558 922 
558 1028 
558 1134 
558 1584 
558 2154 
558 2203 
558 3077 
559 560 
559 1072 
559 1126 
559 1177 
559 1256 
559 1326 
559 1379 
559 1381 
559 1421 
559 1627 
559 2494 
559 2787 
559 3594 
559 3630 
560 1127 
560 1381 
560 1534 
560 1839 
560 2229 
560 2744 
561 819 
561 984 
561 1260 
561 1424 
561 1785 
561 2010 
561 2060 
561 2375 
561 3105 
562 563 
562 573 
562 620 
562 688 
562 702 
562 703 
562 897 
562 927 
562 935 
562 977 
562 979 
562 1154 
562 1234 
562 1490 
562 2304 
563 702 
563 703 
563 732 
563 927 
563 935 
563 977 
563 1234 
563 1298 
564 613 
564 815 
564 937 
564 973 
564 2316 
565 785 
565 793 
565 1023 
565 1166 
566 1192 
566 1266 
567 568 
567 694 
567 1054 
567 1125 
568 694 
568 1054 
568 1125 
568 1300 
569 570 
569 708 
569 755 
569 911 
569 1146 
569 1801 
569 1888 
569 2592 
569 3073 
570 639 
570 1913 
570 2198 
571 572 
571 665 
571 699 
571 731 
572 731 
572 2665 
573 927 
573 979 
573 980 
573 1585 
574 607 
574 627 
574 665 
574 939 
574 1187 
574 1298 
574 1347 
574 1375 
574 3392 
575 809 
575 1017 
576 577 
576 1304 
576 1332 
576 1337 
576 3887 
577 612 
577 796 
577 881 
577 1045 
577 1155 
577 1267 
577 1436 
577 1628 
577 1752 
577 2255 
578 761 
578 1046 
578 1812 
579 580 
579 613 
579 1573 
581 843 
581 1500 
581 2312 
582 583 
582 715 
582 766 
582 1184 
583 1030 
583 1069 
583 1230 
583 3568 
584 585 
584 744 
584 880 
584 1026 
584 1077 
584 1158 
584 1223 
584 1612 
585 744 
585 880 
585 1026 
585 1077 
585 1158 
585 1222 
585 1223 
585 1612 
586 1092 
586 1121 
586 1266 
587 661 
587 1021 
587 1170 
587 2085 
589 590 
589 879 
589 1185 
589 1198 
590 665 
590 879 
590 963 
590 1185 
590 1198 
590 2332 
591 595 
591 665 
591 674 
591 1200 
591 1303 
592 606 
592 725 
593 1313 
593 3630 
594 752 
594 1019 
594 2296 
594 3493 
596 615 
596 633 
596 646 
596 704 
596 753 
596 948 
596 3659 
597 598 
597 616 
597 617 
597 885 
597 1733 
598 616 
598 617 
598 885 
598 1733 
598 2304 
598 3573 
599 1232 
600 820 
600 1250 
601 1085 
601 1795 
601 3952 
602 603 
602 687 
602 1257 
602 1334 
603 687 
603 707 
603 795 
603 858 
604 1013 
604 1370 
605 715 
605 765 
605 794 
605 917 
605 1029 
605 1688 
605 1923 
606 735 
606 1120 
606 1135 
606 1284 
607 647 
607 676 
607 1187 
609 665 
610 611 
611 837 
611 1441 
612 1045 
612 1066 
612 1160 
612 1693 
613 694 
613 718 
613 801 
613 814 
613 822 
613 871 
613 918 
613 934 
613 936 
613 937 
613 973 
613 1023 
613 1061 
613 1130 
613 1188 
613 1235 
613 1401 
613 1417 
613 1453 
613 1529 
613 1553 
613 1607 
613 1689 
613 1744 
613 1767 
613 1801 
613 1868 
613 2047 
613 2623 
613 2713 
613 4004 
614 615 
614 646 
614 948 
614 1226 
614 2243 
615 646 
615 948 
615 1226 
615 2243 
616 617 
616 885 
616 1733 
616 2465 
617 885 
617 1691 
617 1733 
617 1935 
618 668 
618 1226 
618 2504 
619 890 
619 1375 
620 621 
620 702 
620 703 
620 713 
620 897 
620 1234 
620 1669 
620 1798 
622 623 
622 657 
622 658 
622 666 
622 667 
622 675 
622 680 
622 1005 
622 2083 
623 666 
623 675 
623 680 
625 770 
625 859 
626 908 
626 1476 
626 1595 
626 1824 
628 757 
628 939 
628 1089 
628 2181 
629 630 
629 795 
629 1193 
629 1251 
629 1933 
629 2138 
629 2219 
629 2587 
629 2984 
629 3019 
629 3221 
629 3422 
629 3686 
630 2138 
631 632 
631 740 
631 1507 
632 740 
632 852 
632 1507 
633 999 
633 1058 
633 1228 
633 1992 
633 2942 
634 635 
634 892 
635 892 
635 950 
636 637 
636 845 
636 1663 
637 1663 
638 1421 
638 1459 
638 1814 
638 3089 
639 975 
639 1913 
640 641 
640 1395 
641 1395 
641 2539 
642 643 
642 2375 
643 1633 
644 649 
644 730 
644 741 
644 756 
644 757 
644 1079 
644 1393 
644 1877 
644 2229 
644 2428 
644 2573 
646 948 
646 1577 
647 1187 
647 2380 
647 3620 
649 1322 
649 1500 
649 1672 
649 1696 
649 2303 
649 2314 
649 2479 
649 2603 
649 3248 
650 651 
650 758 
650 1059 
650 1335 
650 1463 
650 1472 
650 1712 
650 1824 
651 758 
651 1059 
651 1335 
651 1463 
651 1911 
651 3379 
652 653 
652 1688 
652 3457 
653 757 
653 856 
653 857 
653 1124 
653 1274 
653 1494 
653 1616 
653 2573 
653 3457 
654 655 
654 676 
654 759 
654 773 
654 787 
654 798 
654 818 
654 951 
654 1759 
655 676 
655 759 
655 787 
655 818 
655 951 
655 1759 
655 2675 
656 803 
656 954 
656 1243 
656 1333 
656 1926 
656 2332 
657 658 
657 666 
657 667 
657 675 
657 680 
657 763 
657 788 
657 1005 
658 666 
658 675 
658 680 
658 763 
658 1813 
658 2318 
658 3042 
659 835 
659 2057 
659 2074 
660 664 
660 941 
660 1072 
661 1170 
661 1521 
661 2241 
662 2312 
662 2527 
663 763 
664 874 
664 941 
664 977 
664 1072 
664 1128 
664 1129 
664 1326 
664 1348 
664 1421 
664 1590 
664 1832 
664 1975 
664 2019 
664 2367 
664 2409 
664 2933 
664 3008 
664 3176 
664 3556 
665 708 
665 731 
665 760 
665 790 
665 802 
665 821 
665 830 
665 851 
665 876 
665 911 
665 913 
665 1031 
665 1073 
665 1096 
665 1156 
665 1181 
665 1202 
665 1205 
665 1316 
665 1375 
665 1414 
665 1441 
665 1578 
665 1616 
665 1627 
665 1642 
665 1688 
665 1711 
665 1830 
665 2027 
665 2108 
665 2276 
665 2296 
665 2332 
665 2344 
665 2391 
665 2395 
665 2527 
665 2590 
665 2624 
665 2724 
665 2754 
665 2793 
665 2799 
665 2904 
665 2910 
665 2916 
665 2946 
665 3003 
665 3045 
665 3102 
665 3112 
665 3126 
665 3132 
665 3234 
665 3237 
665 3240 
665 3318 
665 3324 
665 3333 
665 3340 
665 3376 
665 3387 
665 3435 
665 3452 
665 3481 
665 3538 
665 3541 
665 3559 
665 3570 
665 3653 
665 3799 
665 3803 
665 3821 
665 3831 
665 3848 
665 3869 
665 3875 
665 3908 
665 3916 
666 667 
666 675 
666 680 
666 788 
666 1005 
667 675 
667 680 
667 788 
668 753 
668 773 
668 3636 
669 890 
669 1041 
669 1374 
670 1501 
670 3222 
670 3926 
671 672 
673 981 
673 982 
673 1153 
674 1200 
675 680 
675 1005 
675 2301 
676 759 
676 787 
676 798 
676 818 
676 821 
676 951 
676 1759 
676 2675 
676 3316 
678 679 
678 2181 
678 2963 
679 2409 
680 763 
680 788 
680 1813 
681 1935 
681 2067 
681 2889 
682 683 
683 781 
683 1552 
684 1071 
684 1499 
685 686 
685 724 
685 919 
685 975 
685 1642 
685 2120 
686 723 
686 724 
686 2312 
686 3133 
687 785 
687 795 
687 858 
687 1037 
687 1207 
687 1259 
687 2301 
688 732 
688 927 
688 977 
688 1234 
688 2312 
688 3088 
689 893 
689 1627 
689 1731 
689 2304 
690 963 
691 887 
691 1357 
691 1504 
691 2375 
692 693 
692 695 
692 813 
692 923 
692 961 
692 1093 
692 1200 
692 1264 
692 1517 
692 1537 
692 1653 
692 1734 
693 695 
693 813 
693 923 
693 961 
693 1093 
693 1375 
693 1517 
693 1537 
693 1734 
693 2247 
693 2409 
694 911 
694 1054 
694 1125 
695 813 
695 923 
695 961 
695 1093 
695 1200 
695 1517 
695 1734 
696 697 
696 1167 
696 1261 
696 1933 
698 1791 
698 2232 
699 731 
700 701 
700 846 
700 847 
700 1456 
700 1575 
700 1783 
700 1793 
700 2675 
701 846 
701 847 
701 1117 
701 1326 
701 1456 
701 1575 
701 1783 
701 1793 
701 2543 
701 2889 
702 703 
702 839 
702 897 
702 927 
702 979 
702 1234 
702 1669 
702 1798 
702 1844 
702 1883 
702 2162 
702 3467 
703 713 
703 897 
703 979 
703 1149 
703 1167 
703 1234 
703 1458 
703 1490 
703 1669 
703 1798 
703 1883 
703 1963 
703 2103 
703 2149 
703 2150 
703 2162 
703 2312 
704 753 
705 706 
705 1008 
706 1278 
706 1279 
707 708 
707 845 
707 900 
707 936 
707 1061 
707 1740 
707 2312 
708 911 
709 756 
709 922 
709 2075 
710 887 
710 1357 
711 1881 
712 1091 
712 1406 
713 897 
713 927 
713 938 
713 1175 
713 1234 
713 1458 
713 1490 
713 1963 
713 2144 
714 1151 
714 1152 
714 1379 
715 720 
715 1030 
716 717 
716 1319 
716 2078 
718 1289 
718 3433 
719 822 
719 934 
720 2328 
720 2802 
720 3494 
720 3560 
721 722 
721 1081 
721 1186 
721 2304 
722 1081 
722 2092 
723 724 
724 1313 
724 1688 
724 1938 
724 2353 
724 2664 
725 1281 
725 1741 
726 727 
726 754 
726 1395 
726 2332 
727 754 
727 2304 
728 729 
728 2171 
730 1379 
730 1555 
730 1559 
730 2688 
731 737 
731 907 
731 1689 
731 2534 
731 3790 
732 977 
732 1167 
732 1339 
733 734 
733 811 
734 1286 
734 1991 
734 2969 
735 975 
735 2042 
735 2332 
735 2345 
736 756 
736 859 
736 862 
736 1028 
736 1134 
736 1348 
736 1411 
736 1584 
736 2154 
737 1011 
737 1286 
739 1149 
740 1507 
741 829 
741 862 
741 1085 
741 1103 
741 1274 
741 1275 
741 1504 
741 1680 
741 1758 
741 2153 
741 2156 
741 2160 
741 2207 
742 743 
742 824 
742 883 
742 1119 
742 1609 
742 1711 
742 1754 
742 1768 
742 1804 
742 1805 
742 1841 
742 1948 
742 1982 
742 2042 
742 2110 
742 3172 
743 1729 
743 2591 
744 880 
744 1026 
744 1077 
744 1158 
744 1222 
744 1223 
744 1612 
745 1162 
745 1354 
745 3400 
746 2312 
747 748 
747 915 
747 916 
747 949 
747 1010 
747 1482 
747 1671 
748 915 
748 916 
748 949 
748 1010 
748 1482 
748 1671 
748 3349 
749 750 
750 2088 
750 2573 
751 2375 
751 2678 
752 814 
752 1076 
752 1343 
753 948 
753 2312 
754 1409 
754 3136 
755 774 
755 1146 
755 1801 
756 862 
756 1217 
756 2138 
756 3292 
757 939 
757 1089 
757 1189 
757 1739 
757 1821 
757 2875 
757 3104 
758 1059 
758 1335 
758 1911 
759 787 
759 798 
759 818 
759 918 
759 933 
759 951 
759 994 
759 1140 
759 1694 
759 2076 
759 2675 
760 772 
760 790 
760 876 
760 913 
760 1073 
760 1096 
760 1129 
760 1181 
760 1375 
761 1046 
762 1161 
762 1840 
762 1919 
762 2312 
762 3502 
763 1378 
763 1652 
764 1394 
765 1442 
765 3348 
766 1859 
767 768 
767 825 
767 830 
767 925 
767 1349 
767 1350 
767 1366 
767 1529 
767 1774 
768 825 
768 830 
768 925 
768 1263 
768 1349 
768 1350 
768 1468 
768 1529 
768 1774 
768 2145 
768 2869 
769 3552 
770 771 
770 1160 
770 1647 
770 1826 
770 1869 
771 1647 
772 876 
772 913 
772 1073 
772 1375 
772 2749 
772 3428 
773 1348 
773 1519 
774 1146 
774 1600 
774 1888 
774 2312 
774 3189 
775 1859 
776 777 
776 1486 
776 1767 
777 1486 
779 1049 
779 2312 
780 1295 
780 1871 
781 872 
781 885 
781 1142 
781 1286 
781 1413 
781 1487 
781 1808 
781 1901 
781 2059 
782 869 
784 2393 
785 936 
785 1023 
785 1259 
785 1971 
785 2755 
786 869 
786 944 
786 1528 
787 818 
787 951 
787 1759 
788 1005 
788 3064 
789 1919 
789 2518 
789 3336 
790 913 
790 1281 
790 1375 
790 2042 
791 2237 
791 2347 
791 2688 
791 3095 
793 1259 
794 1232 
794 1863 
794 3037 
794 3183 
795 796 
795 858 
796 1326 
796 1770 
796 1815 
796 2237 
796 2312 
796 2837 
797 1298 
797 1894 
797 2089 
798 1138 
799 800 
800 1766 
801 1008 
801 3687 
802 803 
802 1149 
802 2758 
803 954 
803 1375 
803 1935 
803 2554 
803 2974 
804 805 
804 1873 
805 810 
805 1119 
805 1378 
806 807 
806 2247 
806 3945 
807 2064 
809 836 
809 1017 
810 1538 
810 2107 
811 1799 
811 3065 
811 3582 
811 3695 
812 868 
812 3483 
813 923 
813 961 
813 1093 
813 1517 
813 1537 
813 1734 
814 871 
814 1256 
814 1633 
814 1689 
814 2408 
815 899 
815 1054 
815 1125 
817 1914 
818 951 
819 984 
819 1260 
819 1785 
819 3127 
821 876 
821 912 
821 2375 
822 934 
823 862 
823 1028 
823 1639 
823 2312 
824 1609 
824 1711 
824 1841 
824 1948 
824 2063 
824 2159 
824 3308 
825 830 
825 925 
825 1349 
825 1350 
825 1366 
825 1455 
825 1468 
825 1529 
825 1774 
825 2145 
825 2175 
825 3020 
826 855 
826 1412 
826 2246 
826 2375 
827 828 
827 1535 
827 1656 
828 1535 
828 1552 
828 2161 
828 2312 
828 2336 
829 862 
829 1103 
829 1233 
829 1603 
829 1680 
829 2156 
829 2199 
829 2207 
829 2312 
829 3075 
830 925 
830 932 
830 1260 
830 1349 
830 1350 
830 1366 
830 1455 
830 1468 
830 1529 
830 1774 
830 1885 
830 2145 
830 2175 
831 1977 
831 2008 
831 2187 
831 2226 
831 2238 
832 1281 
832 1946 
833 983 
833 1104 
833 1906 
833 1958 
833 3977 
834 836 
834 852 
834 1167 
834 1168 
834 1487 
834 1830 
834 1959 
834 2102 
834 2204 
834 2222 
835 1233 
835 2312 
835 2935 
835 2964 
836 1017 
836 1512 
836 2084 
837 2312 
837 2787 
838 839 
839 1188 
839 1305 
839 1368 
839 1467 
839 1803 
839 2129 
839 2290 
839 2351 
839 2721 
839 2841 
839 3894 
840 841 
840 975 
842 843 
842 2019 
843 1263 
843 1500 
843 1807 
844 1054 
844 1076 
844 1531 
844 2338 
844 3177 
845 859 
845 971 
845 1085 
845 1112 
845 1126 
845 1163 
845 1173 
845 1202 
845 1225 
845 1273 
845 1316 
845 1348 
845 1374 
845 1385 
845 1443 
845 1534 
845 1556 
845 1627 
845 1672 
845 1691 
845 1694 
845 1819 
845 1945 
845 2053 
845 2135 
845 2183 
845 2240 
845 2259 
845 2273 
845 2291 
845 2345 
845 2362 
845 2378 
845 2397 
845 2464 
845 2467 
845 2469 
845 2509 
845 2530 
845 2588 
845 2594 
845 2638 
845 2646 
845 2668 
845 2704 
845 2723 
845 2799 
845 2890 
845 2894 
845 2905 
845 2922 
845 2934 
845 2950 
845 3035 
845 3053 
845 3076 
845 3161 
845 3168 
845 3209 
845 3210 
845 3275 
845 3294 
845 3321 
845 3367 
845 3479 
845 3504 
845 3598 
845 3630 
845 3751 
845 3800 
845 3817 
845 3876 
845 3884 
845 3932 
845 3951 
846 847 
846 1326 
846 1456 
846 1783 
846 1787 
846 1793 
847 1456 
847 1575 
847 1783 
847 1793 
848 849 
848 1265 
848 1679 
848 1698 
848 1846 
849 1481 
850 851 
850 1406 
851 1127 
851 1177 
851 1406 
852 953 
852 1043 
852 1298 
853 865 
853 1634 
854 855 
854 2312 
855 953 
855 1207 
855 1276 
855 1325 
855 1412 
856 857 
856 1124 
856 1274 
856 1616 
856 2312 
857 900 
857 1097 
857 1616 
857 2088 
857 3654 
858 1251 
859 1134 
859 1299 
859 1326 
859 1584 
860 861 
860 1036 
860 1135 
861 3088 
862 1002 
862 1028 
862 1062 
862 1085 
862 1217 
862 1233 
862 1603 
862 1639 
862 1680 
862 1795 
862 2153 
862 2155 
862 2304 
862 2915 
862 3233 
862 3388 
863 1407 
863 2574 
864 894 
864 1437 
864 2312 
865 1174 
866 1113 
866 1443 
866 2716 
868 2332 
870 871 
870 1054 
871 899 
871 937 
872 1645 
873 874 
873 2655 
874 960 
874 1314 
874 1338 
874 1919 
874 2673 
874 2729 
874 2885 
874 3772 
876 913 
876 1073 
876 1096 
876 1181 
876 1281 
876 1375 
876 2151 
879 1185 
879 1198 
880 1026 
880 1077 
880 1158 
880 1223 
880 1612 
880 3492 
881 3325 
881 3814 
881 3902 
882 3593 
883 884 
883 905 
883 1616 
883 2229 
883 2591 
883 2766 
883 2818 
883 3027 
883 3253 
884 2254 
885 1733 
886 1240 
886 3709 
887 888 
887 1044 
888 991 
888 992 
888 1357 
888 2244 
888 2729 
889 1032 
889 2042 
889 2332 
890 1071 
890 1374 
890 2105 
891 892 
891 3309 
892 1036 
893 1513 
893 1731 
894 899 
894 1377 
895 896 
895 2409 
895 2491 
895 2878 
896 2301 
896 3496 
897 927 
897 938 
897 977 
897 1175 
897 1234 
897 1458 
897 1490 
897 1650 
897 1669 
897 1794 
897 1963 
897 2072 
897 2144 
897 2496 
899 3710 
900 901 
900 1576 
900 1776 
902 969 
902 1515 
902 1856 
902 2040 
902 2094 
902 2615 
903 940 
903 1629 
903 1631 
904 2610 
905 906 
905 1039 
905 1040 
905 1274 
905 1283 
905 1495 
905 1711 
905 1754 
905 1768 
905 1805 
905 1841 
905 1886 
905 2108 
905 2158 
905 2210 
905 2513 
906 1040 
906 1153 
906 1188 
906 1283 
906 1479 
906 1735 
906 1986 
906 2108 
906 2158 
906 3027 
906 3223 
907 1761 
908 909 
908 940 
908 1017 
908 1248 
908 1249 
908 1572 
908 1822 
908 1824 
908 1972 
908 2979 
909 940 
910 971 
910 972 
910 993 
910 1145 
910 1211 
910 1527 
910 1696 
910 2301 
911 1300 
911 2335 
913 1008 
913 1073 
913 1096 
913 1375 
913 2543 
914 1038 
914 3324 
915 916 
915 1482 
916 949 
916 1010 
916 1482 
916 1671 
917 1029 
917 2304 
917 2312 
918 1256 
918 1633 
918 1914 
918 3262 
919 920 
919 1227 
919 1885 
920 1111 
920 1255 
920 1326 
921 1003 
921 1133 
923 961 
923 1093 
923 1146 
923 1517 
923 1537 
923 1734 
923 3708 
924 2198 
925 1349 
925 1350 
925 1455 
925 1468 
925 1529 
925 2145 
925 2175 
926 1651 
926 1666 
926 2082 
927 935 
927 976 
927 977 
927 1154 
927 1175 
927 1234 
927 1241 
927 1326 
927 1490 
927 1650 
927 1893 
927 1898 
927 2144 
928 929 
929 1126 
930 931 
930 1105 
930 1435 
930 1642 
930 1771 
931 1465 
931 1773 
931 2312 
931 2408 
932 1688 
932 1738 
933 994 
933 1000 
933 1140 
933 1301 
933 1694 
933 1965 
933 2076 
934 1847 
934 1975 
935 1154 
935 1234 
935 1893 
935 2367 
935 2756 
936 937 
937 954 
937 1021 
937 1023 
937 1061 
937 1194 
937 1235 
937 1417 
937 1428 
937 1444 
937 2729 
937 3311 
937 3315 
938 1393 
938 1490 
938 1963 
939 970 
940 1033 
940 1341 
940 1643 
940 1840 
940 1992 
940 3007 
940 3271 
940 3384 
940 3444 
942 1098 
942 1520 
944 1205 
944 1313 
944 1528 
944 1536 
944 2228 
944 2320 
944 2396 
944 2494 
945 946 
945 1375 
945 2316 
946 1112 
946 1113 
946 1312 
946 1443 
946 1513 
946 2188 
946 2197 
947 962 
947 1066 
947 1715 
947 2365 
948 2243 
949 1482 
951 1759 
951 2314 
952 953 
952 1276 
952 3990 
953 1276 
954 1257 
954 1343 
954 2042 
955 956 
955 3692 
956 3283 
956 3440 
956 3581 
956 3716 
956 3844 
957 1339 
957 2282 
957 2312 
958 959 
958 1462 
958 1497 
959 1344 
960 975 
960 2271 
961 1093 
961 1264 
961 1517 
961 1537 
961 1734 
962 1066 
962 1715 
963 1198 
963 1231 
963 1267 
963 1641 
964 1364 
964 1498 
964 1921 
965 1242 
965 2332 
966 1286 
967 2642 
967 2688 
969 1592 
970 1189 
970 1291 
970 1997 
970 2304 
970 2408 
970 2620 
971 972 
971 993 
971 1145 
971 1211 
971 1527 
971 1574 
972 993 
972 1145 
972 1211 
972 1527 
972 3555 
973 1021 
973 1061 
973 1194 
973 1235 
973 1421 
973 2301 
974 1518 
974 1695 
974 2195 
974 2272 
975 977 
975 986 
975 1055 
975 1169 
975 1185 
975 1204 
975 1255 
975 1260 
975 1388 
975 1421 
975 1531 
975 1546 
975 1547 
975 1585 
975 1617 
975 1655 
975 1702 
975 1719 
975 1789 
975 1791 
975 1831 
975 2050 
975 2068 
975 2127 
975 2137 
975 2163 
975 2181 
975 2318 
975 2364 
975 2403 
975 2406 
975 2407 
975 2408 
975 2427 
975 2490 
975 2510 
975 2538 
975 2539 
975 2581 
975 2587 
975 2591 
975 2602 
975 2621 
975 2711 
975 2749 
975 2751 
975 2761 
975 2800 
975 2832 
975 2833 
975 2856 
975 2857 
975 2880 
975 2886 
975 2958 
975 2998 
975 3124 
975 3145 
975 3243 
975 3283 
975 3333 
975 3410 
975 3421 
975 3435 
975 3480 
975 3559 
975 3569 
975 3650 
975 3678 
975 3763 
975 3934 
976 977 
976 1234 
977 1154 
977 1234 
977 2697 
978 1328 
978 2827 
979 980 
979 1197 
979 1585 
981 982 
981 1148 
981 1153 
982 1153 
982 1878 
984 1260 
984 1367 
984 1785 
984 2010 
985 986 
985 1052 
985 1528 
985 1646 
985 2312 
985 2462 
986 1051 
986 1611 
986 2176 
986 2237 
989 990 
989 1064 
989 1101 
989 1102 
989 1149 
989 1263 
989 1376 
989 1439 
989 1747 
990 1101 
990 1102 
990 1149 
990 1165 
990 1376 
990 1439 
990 1474 
990 1747 
990 1879 
990 2472 
991 992 
991 1090 
991 1131 
992 2347 
992 3031 
993 1145 
993 1211 
993 1527 
993 2304 
994 1000 
994 1167 
994 1301 
994 1694 
994 2076 
994 2312 
994 2692 
995 1900 
995 1936 
996 997 
996 1050 
997 1050 
997 1123 
997 1461 
997 3548 
998 1509 
998 2022 
998 2093 
999 1665 
999 2942 
1000 1150 
1000 1369 
1000 1461 
1000 1694 
1000 1775 
1000 2033 
1000 2202 
1000 2214 
1000 2242 
1000 2481 
1001 1002 
1001 1511 
1001 3490 
1002 1603 
1003 1488 
1006 1250 
1006 1658 
1006 1777 
1006 1877 
1007 1044 
1007 1157 
1008 1400 
1008 1478 
1008 1762 
1008 1777 
1009 1554 
1009 2687 
1010 1024 
1010 1427 
1010 1482 
1012 1013 
1012 1370 
1012 1401 
1012 2180 
1012 3300 
1014 1015 
1014 1674 
1014 2749 
1017 1615 
1017 2084 
1020 1209 
1020 2602 
1020 3487 
1021 1261 
1021 1281 
1021 2495 
1022 2332 
1022 3356 
1023 1258 
1023 1259 
1023 1314 
1024 1025 
1024 1427 
1026 1077 
1026 1158 
1026 1223 
1026 1612 
1026 2596 
1027 1674 
1027 1765 
1027 1797 
1028 1217 
1028 1639 
1028 1795 
1029 1030 
1030 2720 
1032 2034 
1033 1034 
1033 1934 
1033 1935 
1033 2192 
1034 1168 
1034 1221 
1034 1257 
1034 1386 
1034 1959 
1034 2343 
1034 2648 
1034 2822 
1034 3033 
1034 3495 
1034 3516 
1034 3769 
1034 3866 
1035 3679 
1036 1135 
1036 1276 
1039 1040 
1039 1283 
1040 1283 
1040 2108 
1040 2158 
1040 2513 
1040 2939 
1041 1374 
1041 2586 
1042 1043 
1042 1585 
1044 1157 
1044 1814 
1044 2681 
1044 3191 
1045 1046 
1045 1715 
1046 1697 
1046 2375 
1047 1048 
1047 1993 
1047 2054 
1047 2062 
1048 1318 
1048 1964 
1048 2062 
1049 1425 
1049 1464 
1049 1574 
1049 1752 
1049 1929 
1049 2301 
1049 3207 
1049 3443 
1051 1052 
1051 1298 
1051 1328 
1051 1894 
1051 2557 
1051 3176 
1052 1611 
1052 1625 
1054 1076 
1054 1125 
1054 1418 
1054 2884 
1055 1056 
1055 1623 
1055 1665 
1055 1919 
1055 2902 
1056 1114 
1056 1253 
1056 1579 
1056 1782 
1056 1933 
1056 2301 
1058 1228 
1058 1992 
1058 2042 
1058 2312 
1058 2942 
1058 3361 
1061 1235 
1061 1343 
1062 1464 
1062 2402 
1062 3787 
1063 1064 
1063 1149 
1063 1747 
1064 1118 
1065 2312 
1066 1715 
1067 1068 
1067 1551 
1068 2524 
1069 1070 
1069 1791 
1070 1109 
1071 1465 
1071 2105 
1071 3383 
1072 1126 
1072 1594 
1072 2314 
1072 2420 
1072 2935 
1072 3035 
1072 3562 
1072 3701 
1073 1096 
1075 3992 
1076 1343 
1077 1158 
1077 1222 
1077 1223 
1077 1612 
1078 1156 
1078 1565 
1079 1586 
1079 2929 
1081 1365 
1082 2332 
1084 1125 
1085 1680 
1085 1795 
1086 1252 
1086 1361 
1086 1578 
1086 1678 
1086 2368 
1086 3921 
1088 1461 
1088 1551 
1089 1203 
1089 1300 
1089 1909 
1089 2949 
1089 3179 
1090 1398 
1092 1121 
1092 1266 
1092 2375 
1092 2447 
1093 1264 
1093 1469 
1093 1517 
1093 1537 
1093 1734 
1094 1095 
1096 1181 
1097 1616 
1098 1520 
1098 2657 
1099 1205 
1101 1102 
1101 1376 
1101 1439 
1101 2418 
1101 3258 
1102 1165 
1102 1167 
1102 1376 
1102 2304 
1103 1233 
1103 1461 
1103 1680 
1103 1711 
1103 1795 
1103 2153 
1103 2270 
1103 2273 
1103 2591 
1103 3456 
1104 2687 
1105 1106 
1105 1548 
1105 2004 
1105 2100 
1106 2189 
1107 1108 
1108 1455 
1109 1110 
1109 1791 
1109 1933 
1111 1151 
1111 1326 
1111 1327 
1112 1113 
1112 1173 
1112 1312 
1112 3288 
1113 1443 
1113 1513 
1113 2188 
1113 2197 
1113 3454 
1114 1253 
1114 1451 
1115 2143 
1115 2217 
1115 2278 
1115 3201 
1116 2312 
1116 3156 
1116 3179 
1116 3186 
1117 1136 
1117 1326 
1117 1817 
1117 3285 
1118 1474 
1118 1747 
1120 3117 
1121 1266 
1122 1123 
1123 2177 
1124 1274 
1124 1275 
1124 1616 
1125 1860 
1126 1147 
1126 1211 
1126 1279 
1126 1298 
1126 1375 
1126 1413 
1126 1741 
1126 1764 
1126 1777 
1126 1933 
1126 1954 
1126 2347 
1126 2443 
1126 2567 
1126 2681 
1126 2721 
1126 2969 
1126 3205 
1126 3660 
1126 3870 
1127 1326 
1127 1381 
1127 2401 
1128 1129 
1128 2312 
1128 2332 
1128 2792 
1128 3432 
1129 1165 
1129 1326 
1129 2792 
1129 3773 
1130 2255 
1131 3665 
1132 1680 
1132 2270 
1132 2696 
1132 3153 
1134 1299 
1134 1326 
1134 1411 
1134 1584 
1134 2154 
1134 2207 
1135 1202 
1135 1358 
1135 1811 
1136 1817 
1136 1925 
1137 1874 
1139 1380 
1139 3236 
1141 1142 
1141 1416 
1141 1591 
1141 1681 
1141 2686 
1142 2019 
1143 1144 
1143 1179 
1143 1180 
1143 1582 
1144 1179 
1144 1180 
1144 1582 
1144 3855 
1145 1211 
1145 1527 
1145 3137 
1146 1888 
1147 1148 
1147 1236 
1147 1273 
1147 1326 
1147 1764 
1147 2633 
1148 1236 
1148 1764 
1148 2025 
1149 1165 
1149 1361 
1149 1376 
1149 1408 
1149 1953 
1149 2011 
1149 2379 
1149 2633 
1149 3084 
1149 3158 
1149 3353 
1149 3424 
1149 3507 
1149 3598 
1149 3600 
1149 3690 
1149 3842 
1149 3861 
1150 1775 
1150 2202 
1150 2214 
1150 2481 
1151 1152 
1153 1160 
1153 2413 
1153 2812 
1154 1234 
1154 1326 
1154 2247 
1155 1433 
1155 1641 
1155 2095 
1156 1499 
1156 1563 
1156 1565 
1156 1711 
1158 1612 
1159 1391 
1159 2575 
1159 3624 
1160 1392 
1161 1375 
1161 2304 
1161 3889 
1162 1163 
1162 1410 
1162 2381 
1163 1354 
1163 2375 
1164 1400 
1164 1445 
1164 1714 
1164 1762 
1164 3072 
1165 1376 
1165 1439 
1165 1879 
1165 2304 
1165 2472 
1166 1243 
1166 1259 
1166 1511 
1167 1168 
1167 1238 
1167 1408 
1167 1678 
1167 1830 
1167 1959 
1167 2000 
1167 2204 
1167 2294 
1167 2354 
1167 2499 
1167 2517 
1167 2581 
1167 2590 
1167 2752 
1167 2830 
1167 2836 
1167 2918 
1167 2996 
1167 3008 
1167 3033 
1167 3092 
1167 3094 
1167 3167 
1167 3246 
1167 3274 
1167 3380 
1167 3627 
1167 3764 
1167 3788 
1167 3818 
1167 3914 
1167 3927 
1168 1176 
1168 1210 
1168 1340 
1168 1386 
1168 1568 
1168 1657 
1168 1845 
1168 2152 
1168 2301 
1169 1554 
1169 2312 
1171 1172 
1173 2035 
1173 3438 
1174 1884 
1176 1210 
1176 1257 
1176 1386 
1177 1534 
1177 2713 
1178 1981 
1179 1180 
1179 1582 
1179 2332 
1179 2571 
1179 2614 
1180 1582 
1182 1183 
1182 1326 
1182 1702 
1182 1872 
1182 2327 
1183 1702 
1183 2327 
1184 2099 
1186 1766 
1186 2312 
1187 1360 
1187 2233 
1187 2234 
1188 1448 
1188 1553 
1188 1618 
1188 2347 
1188 2889 
1189 1291 
1189 1292 
1189 1625 
1190 1191 
1192 1193 
1192 1266 
1193 2312 
1195 1841 
1196 1197 
1196 1669 
1196 2094 
1196 2396 
1196 2961 
1196 2967 
1196 3217 
1199 1326 
1199 1533 
1199 1547 
1199 2296 
1199 2501 
1199 3626 
1201 1202 
1201 1277 
1201 1912 
1202 1268 
1202 1305 
1202 2237 
1202 2408 
1202 2721 
1202 3173 
1202 3465 
1204 2223 
1204 2437 
1204 2639 
1204 2715 
1204 2962 
1204 3156 
1204 3527 
1204 3541 
1204 3731 
1205 1300 
1205 1484 
1205 1814 
1205 2402 
1205 2601 
1208 1827 
1208 2127 
1210 1221 
1210 1257 
1210 1386 
1211 1214 
1211 1527 
1211 2362 
1211 2494 
1212 1213 
1212 1320 
1212 1638 
1212 1674 
1212 1731 
1212 1732 
1213 1638 
1215 1216 
1216 1701 
1217 1218 
1217 3198 
1218 1237 
1218 1493 
1218 1496 
1218 1795 
1218 2444 
1219 1220 
1219 1408 
1219 1949 
1220 1408 
1220 2375 
1220 3843 
1221 1257 
1221 1340 
1221 1386 
1221 1568 
1221 1657 
1221 2152 
1221 3276 
1222 1223 
1222 2408 
1223 1612 
1224 1225 
1224 1889 
1224 1968 
1224 2312 
1224 2725 
1224 3278 
1225 1889 
1225 1968 
1225 2725 
1225 3804 
1227 1228 
1227 1326 
1228 3230 
1228 3724 
1229 1473 
1229 1735 
1229 1894 
1229 2125 
1229 2208 
1230 2241 
1230 2304 
1231 3276 
1232 1509 
1233 1254 
1233 2160 
1234 1241 
1234 1893 
1234 2130 
1234 2144 
1234 3210 
1235 1737 
1235 1744 
1235 2713 
1235 3097 
1235 3204 
1236 1764 
1237 1680 
1238 1693 
1238 3373 
1239 1240 
1239 1290 
1239 1814 
1239 3171 
1239 3196 
1240 1848 
1240 2003 
1240 2554 
1240 3494 
1242 1243 
1242 1538 
1243 1314 
1244 1245 
1245 1814 
1246 1247 
1246 3808 
1248 1249 
1248 1822 
1248 1972 
1249 1822 
1249 1972 
1249 2166 
1250 1560 
1250 1877 
1250 1952 
1250 3608 
1251 1554 
1251 1624 
1252 1678 
1254 1255 
1254 1814 
1254 2375 
1254 2681 
1255 1260 
1255 1440 
1255 1477 
1255 1520 
1255 1540 
1255 2092 
1255 2409 
1255 2443 
1255 2452 
1255 2681 
1255 3718 
1256 1260 
1256 1421 
1256 1744 
1256 1814 
1256 1935 
1256 2025 
1256 2443 
1256 2742 
1256 3131 
1257 1386 
1257 1572 
1257 1959 
1258 1259 
1258 1314 
1259 1314 
1259 1792 
1259 1921 
1259 3907 
1260 1424 
1260 1426 
1260 1546 
1260 1785 
1260 1994 
1260 2010 
1260 2060 
1260 2106 
1260 2247 
1260 2367 
1260 2634 
1260 3419 
1261 1602 
1261 2630 
1261 2877 
1261 3488 
1262 1263 
1262 1640 
1263 1791 
1263 3589 
1263 3856 
1267 1304 
1267 3373 
1267 3519 
1268 1736 
1268 2314 
1269 2040 
1269 2156 
1269 2375 
1269 2491 
1269 3147 
1270 1375 
1270 1636 
1271 1272 
1271 2102 
1271 2138 
1271 3849 
1272 2102 
1273 1298 
1273 1399 
1273 1413 
1273 1764 
1273 2237 
1273 2301 
1273 3494 
1274 1275 
1274 1616 
1274 1851 
1274 1920 
1274 2573 
1274 2679 
1275 1429 
1275 1616 
1275 1655 
1275 1754 
1275 2624 
1275 2679 
1275 3172 
1276 1562 
1278 1279 
1278 3767 
1279 1627 
1279 2913 
1279 3580 
1280 2312 
1281 1286 
1282 2046 
1283 1495 
1283 2158 
1283 2235 
1283 2513 
1283 3995 
1285 1442 
1286 1769 
1286 1808 
1287 1288 
1287 1909 
1287 1910 
1289 1355 
1290 1581 
1291 1292 
1291 1580 
1291 1665 
1292 1625 
1293 1294 
1295 1296 
1296 1416 
1296 3604 
1297 1485 
1297 1933 
1298 1347 
1298 1534 
1298 1814 
1298 3658 
1299 1411 
1299 3366 
1300 1326 
1300 3170 
1301 1694 
1301 2304 
1302 1448 
1304 1332 
1305 1386 
1305 1728 
1305 1915 
1305 2055 
1306 1307 
1308 1522 
1308 2578 
1309 1310 
1309 1326 
1309 1716 
1310 1716 
1312 1371 
1312 1443 
1313 1575 
1313 2336 
1313 2543 
1315 1316 
1315 1992 
1317 1318 
1317 2066 
1317 3555 
1319 2332 
1321 1479 
1321 1508 
1321 2326 
1322 1814 
1323 1324 
1323 2126 
1324 2304 
1326 1327 
1326 1375 
1326 1421 
1326 1627 
1326 1647 
1326 1694 
1326 1811 
1326 1814 
1326 1933 
1326 1935 
1326 1938 
1326 2163 
1326 2200 
1326 2214 
1326 2356 
1326 2472 
1326 2550 
1326 2641 
1326 2693 
1326 2697 
1326 2727 
1326 2832 
1326 2836 
1326 2889 
1326 3112 
1326 3476 
1326 3535 
1326 3846 
1326 3919 
1327 1713 
1328 2569 
1329 2071 
1330 1331 
1330 2312 
1331 2643 
1331 2808 
1331 3272 
1332 2971 
1333 3931 
1336 1337 
1336 2312 
1338 2312 
1339 1352 
1339 1367 
1339 1434 
1339 1505 
1339 1531 
1339 1852 
1339 2000 
1339 2103 
1339 2582 
1339 2960 
1339 3029 
1340 1341 
1340 1386 
1340 1476 
1340 1568 
1340 1595 
1340 1657 
1340 1845 
1340 2152 
1340 2312 
1340 2520 
1341 1386 
1341 1568 
1341 1595 
1341 1845 
1341 2304 
1341 2312 
1343 1510 
1343 2312 
1344 1345 
1344 1462 
1344 1665 
1344 2139 
1345 2586 
1347 1604 
1347 3903 
1348 1519 
1348 1627 
1349 1350 
1349 1366 
1349 1529 
1349 1774 
1349 2145 
1349 3118 
1349 3863 
1350 1366 
1350 1376 
1350 1455 
1350 1468 
1350 1529 
1350 1651 
1350 1774 
1350 2285 
1350 2304 
1350 2409 
1352 1353 
1352 1470 
1352 2605 
1354 3078 
1354 3079 
1355 2629 
1355 3455 
1355 3566 
1356 1756 
1356 1788 
1356 1897 
1356 2256 
1357 3999 
1358 3147 
1358 3373 
1358 3726 
1359 2409 
1359 2437 
1362 1363 
1363 1597 
1364 1498 
1364 2332 
1364 2677 
1364 2697 
1364 2838 
1364 3482 
1365 1406 
1365 2023 
1366 1468 
1369 1543 
1370 1401 
1370 2180 
1370 2332 
1370 2737 
1370 3981 
1372 1373 
1372 1630 
1372 1848 
1375 1433 
1375 1565 
1375 1627 
1375 1647 
1375 1967 
1375 1992 
1375 2023 
1375 2037 
1375 2063 
1375 2189 
1375 2297 
1375 2314 
1375 2351 
1375 2401 
1375 2597 
1375 2617 
1375 2620 
1375 2641 
1375 2658 
1375 2674 
1375 2695 
1375 2712 
1375 2776 
1375 2784 
1375 2794 
1375 2853 
1375 3008 
1375 3184 
1375 3357 
1375 3365 
1375 3427 
1375 3505 
1375 3537 
1375 3648 
1375 3847 
1375 3892 
1376 1474 
1376 1933 
1376 2033 
1377 1378 
1377 1437 
1378 1611 
1378 1625 
1378 2816 
1379 1559 
1379 2675 
1380 1430 
1380 2045 
1380 2101 
1381 1534 
1381 1622 
1381 2293 
1382 1821 
1384 1385 
1384 2821 
1385 2312 
1386 1476 
1386 1568 
1386 1595 
1386 1657 
1386 1845 
1386 1896 
1386 1959 
1386 2152 
1386 2332 
1386 2520 
1386 2710 
1387 1388 
1387 1571 
1388 1712 
1388 1891 
1389 1390 
1389 1444 
1389 3346 
1390 1713 
1392 1485 
1393 1526 
1393 1616 
1393 2143 
1393 2273 
1393 2951 
1396 1397 
1396 2170 
1396 2171 
1396 2312 
1396 3057 
1397 3057 
1398 1622 
1398 2856 
1398 2896 
1400 1762 
1402 1403 
1402 2312 
1403 2295 
1405 1524 
1405 3112 
1406 2128 
1409 1410 
1409 1850 
1409 2580 
1410 1686 
1410 2375 
1412 1907 
1414 1415 
1416 1591 
1416 1681 
1416 1986 
1417 1444 
1417 1509 
1419 1420 
1419 1994 
1419 2022 
1419 3281 
1419 3505 
1421 1814 
1421 1865 
1421 2023 
1421 2375 
1421 2409 
1421 3204 
1422 1423 
1422 2950 
1423 2523 
1423 3411 
1424 1426 
1424 1785 
1424 1994 
1424 2010 
1424 2060 
1424 2106 
1424 2304 
1426 2743 
1428 1780 
1428 2088 
1428 2312 
1430 1431 
1430 1483 
1430 1724 
1430 2045 
1430 2101 
1431 1483 
1431 1724 
1431 2045 
1433 1884 
1433 2328 
1433 2950 
1433 3321 
1436 3420 
1437 2324 
1439 1879 
1439 3209 
1440 1441 
1442 2193 
1442 2263 
1443 1513 
1443 2188 
1443 2197 
1443 2716 
1444 1457 
1444 2332 
1445 1714 
1446 1447 
1448 1449 
1448 2392 
1448 2459 
1448 2472 
1449 1490 
1449 2375 
1455 1529 
1456 1575 
1456 1783 
1456 1793 
1456 2375 
1458 1506 
1458 1963 
1458 2721 
1459 1766 
1459 1814 
1459 2543 
1460 2312 
1460 2531 
1460 3393 
1461 2165 
1461 2187 
1461 2208 
1461 2228 
1461 2260 
1461 2261 
1463 1494 
1463 1644 
1463 1796 
1463 1907 
1463 1911 
1467 1605 
1468 1529 
1468 1774 
1468 2145 
1469 1517 
1469 1734 
1469 2829 
1469 3949 
1471 1472 
1474 1747 
1474 2304 
1476 1568 
1476 1595 
1476 1657 
1476 1845 
1476 1896 
1476 2152 
1476 2520 
1477 2387 
1478 2312 
1479 1480 
1481 1617 
1481 1698 
1481 2453 
1482 1671 
1483 1724 
1483 2045 
1483 2101 
1483 2631 
1488 2843 
1490 1883 
1490 2150 
1491 1492 
1491 2282 
1491 2346 
1491 2357 
1491 2907 
1491 3055 
1491 3503 
1492 2907 
1492 3055 
1492 3503 
1493 1806 
1494 1907 
1496 1795 
1498 2677 
1499 1563 
1499 1565 
1499 1711 
1499 1726 
1500 1696 
1501 1502 
1501 1557 
1501 1563 
1502 1563 
1504 1621 
1504 1680 
1505 2010 
1507 2332 
1509 1838 
1511 1717 
1511 2019 
1512 1789 
1514 2675 
1516 1951 
1517 1537 
1517 1734 
1518 1695 
1518 2272 
1522 1814 
1523 1524 
1523 3542 
1525 1953 
1525 2149 
1529 2145 
1531 1922 
1532 1641 
1532 2312 
1533 2312 
1534 2237 
1534 2371 
1534 2375 
1534 2408 
1534 2814 
1535 1656 
1537 3550 
1539 2355 
1540 2458 
1541 1542 
1543 1544 
1543 2932 
1544 1561 
1545 1546 
1545 1737 
1545 1849 
1545 2025 
1546 1654 
1548 1814 
1548 1882 
1549 1550 
1551 3677 
1553 2515 
1554 1720 
1556 2304 
1557 1563 
1558 2796 
1558 3761 
1559 3359 
1560 1561 
1562 2409 
1563 2375 
1564 2317 
1565 1711 
1565 1726 
1567 1568 
1568 1595 
1568 1657 
1568 1845 
1568 1896 
1568 2152 
1568 2520 
1570 2019 
1571 1949 
1571 2042 
1573 3228 
1574 1929 
1574 2434 
1574 3045 
1575 1783 
1575 1793 
1575 2367 
1575 3094 
1575 3298 
1577 1763 
1577 2167 
1577 3770 
1578 2873 
1583 1772 
1583 3062 
1583 3174 
1584 2019 
1584 2304 
1586 1587 
1586 2636 
1587 1745 
1587 2042 
1590 2409 
1591 1681 
1592 2523 
1592 2911 
1592 3077 
1592 3306 
1592 3801 
1592 3878 
1594 1727 
1594 2381 
1595 1657 
1595 1845 
1595 1896 
1595 1989 
1595 2152 
1596 1597 
1596 2093 
1597 2020 
1597 3756 
1599 1600 
1599 2191 
1600 2245 
1600 3425 
1600 3442 
1600 3551 
1604 2312 
1605 1606 
1605 2375 
1606 2503 
1607 2301 
1608 2372 
1608 2409 
1609 1610 
1609 1711 
1609 1729 
1609 1754 
1609 1841 
1609 1886 
1609 1982 
1609 2157 
1609 2159 
1609 2205 
1609 2468 
1609 2591 
1609 2980 
1610 1805 
1610 1886 
1610 1982 
1610 2157 
1610 2205 
1610 2468 
1610 2980 
1611 2237 
1612 2247 
1614 1615 
1614 1616 
1614 2203 
1614 2932 
1616 1982 
1616 2143 
1616 3457 
1617 2375 
1618 2028 
1619 1620 
1620 1967 
1620 2312 
1621 1758 
1621 3011 
1622 1623 
1622 1865 
1623 2312 
1623 3440 
1624 2312 
1626 1949 
1627 1702 
1627 1773 
1627 1957 
1627 2005 
1627 2019 
1627 2301 
1627 2408 
1627 2553 
1627 2721 
1630 3946 
1631 1632 
1632 1900 
1632 2038 
1633 1789 
1633 2576 
1634 2312 
1634 2431 
1637 1996 
1637 2375 
1637 3343 
1638 1731 
1638 1732 
1638 2000 
1639 2154 
1639 3616 
1640 2304 
1641 1853 
1643 1885 
1643 1916 
1644 1796 
1644 1798 
1644 1911 
1644 2103 
1644 2146 
1644 2150 
1644 2162 
1646 3404 
1647 1739 
1647 2604 
1647 3071 
1648 1649 
1652 1844 
1652 2409 
1654 1655 
1656 2934 
1657 1845 
1657 1896 
1657 2152 
1657 2312 
1657 2520 
1658 1777 
1659 1660 
1664 3913 
1665 2516 
1665 3833 
1666 1667 
1666 1887 
1666 3625 
1667 2003 
1667 3226 
1669 1798 
1669 1883 
1669 2103 
1669 2146 
1669 2150 
1669 2162 
1669 3277 
1670 2304 
1672 1673 
1672 2016 
1672 2408 
1674 1875 
1674 2312 
1674 3982 
1677 2363 
1680 2143 
1680 2199 
1680 2207 
1680 2241 
1680 2270 
1682 1683 
1683 2390 
1683 3616 
1684 1685 
1684 2312 
1684 3834 
1685 2375 
1687 2286 
1688 3173 
1689 1868 
1691 2375 
1692 2240 
1694 1777 
1694 1965 
1694 2076 
1694 2312 
1695 2272 
1695 2312 
1699 1700 
1699 1829 
1700 1829 
1700 2501 
1702 1703 
1702 1935 
1702 2034 
1702 2447 
1702 2536 
1702 2601 
1702 2644 
1702 2653 
1702 2723 
1702 2808 
1702 2997 
1702 3196 
1702 3202 
1702 3405 
1702 3612 
1702 3616 
1702 3621 
1702 3699 
1702 3936 
1702 3958 
1703 3212 
1704 1705 
1711 1754 
1711 1768 
1711 1805 
1711 1841 
1711 2159 
1711 2452 
1712 1713 
1712 1823 
1713 2312 
1713 2495 
1713 2673 
1716 1849 
1716 2329 
1717 1849 
1718 1719 
1719 2561 
1724 2045 
1724 2101 
1724 2314 
1725 2312 
1726 2312 
1727 1807 
1727 2817 
1727 3640 
1728 2803 
1729 1841 
1729 2159 
1729 3172 
1731 2030 
1731 2312 
1734 2267 
1735 2176 
1735 2221 
1735 2264 
1737 1863 
1737 2025 
1743 3451 
1744 2312 
1744 3173 
1745 1943 
1745 2237 
1745 2312 
1745 2359 
1748 1927 
1749 1750 
1749 2140 
1753 2879 
1754 1841 
1754 2159 
1754 2205 
1754 2210 
1754 2840 
1755 2855 
1756 2256 
1757 2726 
1758 1995 
1758 2160 
1759 2675 
1762 2237 
1762 2388 
1763 2167 
1764 2446 
1766 1814 
1768 1805 
1768 1841 
1768 1886 
1768 2159 
1768 2332 
1771 2697 
1775 2202 
1777 2229 
1777 2331 
1777 2446 
1777 2497 
1777 2583 
1777 2605 
1777 2641 
1777 2657 
1777 2664 
1777 2977 
1777 3536 
1777 3712 
1778 2408 
1781 2309 
1783 2332 
1785 2010 
1786 1787 
1786 2714 
1787 2290 
1787 2784 
1788 1897 
1788 2304 
1789 1790 
1793 2301 
1794 3265 
1795 2199 
1796 1883 
1796 1911 
1796 2301 
1797 2185 
1798 1883 
1798 2103 
1798 2146 
1798 2150 
1798 2162 
1798 3277 
1800 2227 
1804 1805 
1805 2229 
1805 2375 
1806 1902 
1806 1941 
1806 2208 
1806 2518 
1807 1942 
1807 3095 
1807 3192 
1811 2312 
1814 2163 
1814 2228 
1814 2390 
1814 2409 
1814 2458 
1814 2645 
1814 2819 
1814 2872 
1814 3016 
1814 3118 
1814 3463 
1814 3768 
1817 1925 
1818 2896 
1819 1820 
1819 3613 
1822 1972 
1822 2166 
1822 3484 
1824 2401 
1824 2892 
1825 2304 
1825 2968 
1830 2204 
1832 2409 
1833 2312 
1834 1835 
1836 1837 
1839 2294 
1839 2332 
1841 1948 
1841 1982 
1841 2063 
1841 2159 
1841 2301 
1841 3308 
1842 1843 
1845 1896 
1845 2152 
1845 2520 
1847 2073 
1849 2570 
1850 1851 
1850 2317 
1851 2451 
1851 2573 
1851 3308 
1854 3975 
1855 2312 
1861 1862 
1861 2388 
1864 2312 
1865 2178 
1865 2249 
1865 2329 
1866 1867 
1866 2375 
1866 3305 
1867 2301 
1870 1872 
1871 2536 
1874 3036 
1874 3436 
1875 2024 
1875 3513 
1882 2327 
1883 2103 
1883 2146 
1883 2150 
1883 2162 
1883 3277 
1885 1916 
1886 1982 
1886 2157 
1886 2205 
1886 2468 
1891 2497 
1893 2304 
1894 2019 
1895 1941 
1896 2152 
1897 2256 
1903 3331 
1904 1905 
1908 2496 
1909 1910 
1912 3880 
1913 2198 
1914 3073 
1916 2375 
1916 2672 
1917 2312 
1918 3518 
1921 2417 
1922 2312 
1922 3095 
1923 3684 
1924 3052 
1929 1930 
1929 2694 
1929 2908 
1933 2214 
1933 2312 
1933 2375 
1933 2415 
1933 2459 
1933 2510 
1933 2579 
1933 2641 
1933 2781 
1933 2801 
1933 2811 
1933 3092 
1933 3274 
1933 3312 
1933 3332 
1933 3391 
1933 3530 
1933 3578 
1933 3736 
1933 3836 
1933 3964 
1934 1935 
1934 2168 
1934 2192 
1934 2349 
1934 2394 
1934 2833 
1934 3122 
1934 3344 
1935 2168 
1935 2192 
1935 2228 
1935 2262 
1935 2301 
1935 2349 
1935 2394 
1935 2440 
1935 2494 
1935 2505 
1935 2545 
1935 2612 
1935 2833 
1935 2889 
1935 2956 
1935 3160 
1935 3178 
1935 3344 
1935 3435 
1935 3561 
1935 3664 
1935 3766 
1938 2583 
1940 2011 
1941 3302 
1942 2021 
1944 1945 
1944 2729 
1948 2063 
1948 2159 
1948 3308 
1949 2038 
1949 2569 
1949 2982 
1949 3184 
1949 3350 
1949 3575 
1949 3963 
1952 2110 
1952 3739 
1953 2149 
1954 2304 
1954 2312 
1954 2507 
1954 2635 
1954 3014 
1954 3016 
1954 3517 
1955 1956 
1955 3696 
1956 2332 
1957 1958 
1957 3974 
1959 2204 
1959 2493 
1961 2375 
1962 2201 
1963 2149 
1963 2315 
1964 2062 
1964 2439 
1964 2849 
1965 2883 
1966 2046 
1968 2123 
1969 1970 
1972 2029 
1972 2166 
1972 2599 
1972 2943 
1973 1974 
1974 2304 
1976 1977 
1976 2001 
1977 2187 
1977 2226 
1977 2238 
1977 3978 
1977 3991 
1978 2375 
1979 2312 
1979 3148 
1980 1981 
1981 3829 
1982 2157 
1982 2159 
1982 2205 
1982 2468 
1982 2980 
1983 2174 
1984 2237 
1985 2596 
1987 1988 
1987 2109 
1989 1990 
1989 2098 
1991 2596 
1992 2579 
1992 2872 
1992 2959 
1993 2077 
1994 2010 
1995 3011 
1998 1999 
1998 2312 
1998 3668 
2001 2347 
2001 3199 
2003 2312 
2005 2157 
2005 3724 
2006 2007 
2008 2413 
2008 2938 
2010 2106 
2010 2815 
2013 2014 
2013 2540 
2013 3286 
2014 2301 
2015 2016 
2018 2019 
2019 2301 
2019 2304 
2019 2344 
2019 2362 
2019 2625 
2019 2688 
2019 2803 
2019 2965 
2019 3022 
2019 3187 
2019 3321 
2019 3478 
2019 3500 
2019 3733 
2019 3925 
2020 2194 
2020 2592 
2020 2743 
2020 3095 
2020 3146 
2020 3352 
2022 2283 
2022 2284 
2025 2530 
2027 2375 
2028 2332 
2028 2558 
2029 2314 
2031 2409 
2031 3785 
2032 2409 
2032 3261 
2033 2214 
2033 2991 
2035 2304 
2038 2039 
2038 3095 
2039 2111 
2041 3685 
2042 2401 
2042 2637 
2042 2753 
2042 2911 
2042 2981 
2042 2998 
2042 3005 
2042 3153 
2042 3253 
2042 3386 
2042 3449 
2042 3453 
2042 3489 
2043 2044 
2043 2675 
2045 2101 
2048 2049 
2048 2366 
2048 3013 
2048 3101 
2049 3013 
2049 3101 
2050 2301 
2050 2700 
2051 3575 
2052 3676 
2053 3176 
2054 2443 
2054 2757 
2054 2824 
2055 2179 
2055 2186 
2055 2312 
2055 3771 
2058 2332 
2061 2312 
2063 2159 
2063 3140 
2063 3295 
2063 3308 
2063 3752 
2065 2529 
2066 2408 
2069 2070 
2069 3637 
2070 3637 
2071 3250 
2075 2375 
2079 2080 
2081 2804 
2081 3452 
2083 2312 
2086 2087 
2088 2976 
2090 2729 
2091 2304 
2092 3937 
2094 2848 
2103 2146 
2103 2150 
2103 2603 
2103 3277 
2105 3715 
2106 3023 
2108 2375 
2108 3027 
2108 3377 
2111 2267 
2111 2385 
2112 2113 
2112 2312 
2114 2314 
2114 2349 
2115 2312 
2118 2119 
2118 3798 
2120 2298 
2120 3985 
2121 2911 
2121 3191 
2124 2301 
2125 3563 
2128 2926 
2129 2312 
2129 3753 
2133 2390 
2133 2498 
2133 2824 
2133 3194 
2133 3385 
2134 2135 
2138 2139 
2138 2573 
2138 3686 
2139 2345 
2139 2375 
2139 2837 
2141 2142 
2141 2169 
2141 2196 
2142 2169 
2142 2196 
2142 3727 
2145 2175 
2146 2162 
2146 3277 
2147 2148 
2147 2185 
2147 2281 
2149 2312 
2150 2162 
2150 3277 
2152 2520 
2154 2796 
2155 2156 
2155 2241 
2155 2273 
2156 2332 
2156 3282 
2157 2205 
2157 2980 
2158 2748 
2159 2301 
2159 3308 
2161 2172 
2161 2336 
2163 2164 
2163 2181 
2163 2408 
2163 2409 
2163 2443 
2164 2181 
2165 2203 
2167 2429 
2168 2192 
2168 2262 
2168 2505 
2169 2196 
2169 2919 
2170 2171 
2171 2301 
2171 3057 
2172 2336 
2173 2233 
2173 2234 
2178 2213 
2178 2249 
2178 3998 
2179 2186 
2180 2891 
2181 2186 
2181 2443 
2181 3263 
2181 3813 
2182 2183 
2182 2220 
2182 2252 
2183 2220 
2183 2252 
2184 2185 
2184 2634 
2186 2209 
2186 2304 
2186 3832 
2187 2226 
2187 2238 
2187 3978 
2187 3991 
2189 3060 
2189 3387 
2189 3915 
2190 2191 
2192 2349 
2192 2505 
2192 2612 
2192 2956 
2192 3160 
2192 3344 
2192 3435 
2192 3561 
2192 3766 
2192 3796 
2193 2416 
2194 2592 
2194 3146 
2194 3352 
2196 2232 
2196 3987 
2196 3994 
2197 2375 
2198 2230 
2198 2974 
2198 3251 
2202 2214 
2202 2332 
2202 2481 
2202 2729 
2205 3290 
2206 2237 
2207 2675 
2213 3998 
2215 2216 
2215 3260 
2218 2219 
2218 2245 
2219 2245 
2219 3950 
2223 3557 
2224 2225 
2225 2301 
2226 2238 
2226 2312 
2226 2375 
2226 3978 
2226 3991 
2228 2267 
2228 2374 
2228 2409 
2228 3980 
2229 4005 
2230 2974 
2231 2232 
2231 3986 
2231 3993 
2233 2234 
2235 2375 
2236 2237 
2236 2814 
2237 2321 
2237 2337 
2237 2356 
2237 2388 
2237 2448 
2237 2668 
2237 2776 
2237 2790 
2237 2860 
2237 2957 
2237 2967 
2237 3015 
2237 3140 
2237 3196 
2237 3217 
2237 3786 
2237 3824 
2238 3978 
2238 3991 
2239 2240 
2239 3093 
2242 2944 
2247 2248 
2248 2903 
2250 2251 
2255 2505 
2255 3160 
2257 2258 
2259 3372 
2260 2624 
2263 3490 
2265 2266 
2267 2268 
2267 2367 
2267 2431 
2267 2875 
2274 2275 
2274 3168 
2274 3668 
2276 2277 
2279 2280 
2283 2284 
2290 2314 
2290 2609 
2291 2571 
2293 2294 
2296 2297 
2297 2327 
2298 3512 
2299 2300 
2300 2634 
2301 2302 
2301 2325 
2301 2342 
2301 2397 
2301 2400 
2301 2412 
2301 2602 
2301 2619 
2301 2702 
2301 2728 
2301 2906 
2301 2921 
2301 3004 
2301 3010 
2301 3076 
2301 3129 
2301 3202 
2301 3207 
2301 3470 
2301 3506 
2301 3563 
2301 3682 
2301 3700 
2301 3765 
2301 3877 
2301 3904 
2301 3965 
2304 2305 
2304 2315 
2304 2380 
2304 2412 
2304 2419 
2304 2440 
2304 2463 
2304 2548 
2304 2584 
2304 2587 
2304 2604 
2304 2613 
2304 2825 
2304 2831 
2304 2866 
2304 2901 
2304 2917 
2304 2961 
2304 2981 
2304 3024 
2304 3079 
2304 3093 
2304 3105 
2304 3115 
2304 3120 
2304 3135 
2304 3240 
2304 3259 
2304 3300 
2304 3319 
2304 3350 
2304 3360 
2304 3414 
2304 3469 
2304 3511 
2304 3597 
2304 3599 
2304 3606 
2304 3694 
2304 3749 
2304 3795 
2304 3805 
2304 3815 
2304 3820 
2304 3883 
2304 3911 
2304 3920 
2306 2307 
2308 2309 
2308 2312 
2309 2322 
2309 2332 
2309 2443 
2310 2311 
2312 2313 
2312 2324 
2312 2329 
2312 2330 
2312 2335 
2312 2367 
2312 2370 
2312 2381 
2312 2386 
2312 2390 
2312 2392 
2312 2394 
2312 2398 
2312 2405 
2312 2408 
2312 2429 
2312 2433 
2312 2438 
2312 2469 
2312 2473 
2312 2474 
2312 2481 
2312 2493 
2312 2496 
2312 2508 
2312 2512 
2312 2514 
2312 2525 
2312 2527 
2312 2547 
2312 2566 
2312 2572 
2312 2585 
2312 2600 
2312 2617 
2312 2624 
2312 2647 
2312 2664 
2312 2674 
2312 2688 
2312 2699 
2312 2706 
2312 2717 
2312 2724 
2312 2736 
2312 2741 
2312 2757 
2312 2777 
2312 2778 
2312 2785 
2312 2810 
2312 2823 
2312 2825 
2312 2839 
2312 2842 
2312 2843 
2312 2865 
2312 2895 
2312 2916 
2312 2938 
2312 2955 
2312 2963 
2312 2966 
2312 2975 
2312 2985 
2312 2986 
2312 2989 
2312 3010 
2312 3024 
2312 3025 
2312 3032 
2312 3044 
2312 3047 
2312 3050 
2312 3059 
2312 3062 
2312 3089 
2312 3103 
2312 3109 
2312 3114 
2312 3117 
2312 3119 
2312 3128 
2312 3135 
2312 3154 
2312 3157 
2312 3192 
2312 3194 
2312 3238 
2312 3247 
2312 3254 
2312 3255 
2312 3256 
2312 3313 
2312 3337 
2312 3344 
2312 3358 
2312 3367 
2312 3369 
2312 3378 
2312 3406 
2312 3421 
2312 3470 
2312 3476 
2312 3480 
2312 3491 
2312 3522 
2312 3531 
2312 3534 
2312 3540 
2312 3543 
2312 3554 
2312 3573 
2312 3594 
2312 3617 
2312 3618 
2312 3623 
2312 3625 
2312 3639 
2312 3643 
2312 3656 
2312 3663 
2312 3672 
2312 3676 
2312 3703 
2312 3728 
2312 3754 
2312 3794 
2312 3835 
2312 3861 
2312 3882 
2312 3885 
2313 2729 
2314 2395 
2314 2567 
2314 2854 
2314 3328 
2314 3473 
2314 3488 
2314 3520 
2314 3896 
2315 2800 
2315 3078 
2318 2319 
2320 3112 
2322 2323 
2322 2378 
2322 2454 
2327 3734 
2329 3944 
2330 2331 
2331 3191 
2332 2333 
2332 2422 
2332 2434 
2332 2445 
2332 2453 
2332 2460 
2332 2469 
2332 2490 
2332 2508 
2332 2523 
2332 2552 
2332 2560 
2332 2622 
2332 2724 
2332 2750 
2332 2835 
2332 2910 
2332 2914 
2332 2953 
2332 2968 
2332 3044 
2332 3111 
2332 3121 
2332 3181 
2332 3188 
2332 3210 
2332 3239 
2332 3336 
2332 3489 
2332 3501 
2332 3524 
2332 3601 
2332 3662 
2332 3713 
2332 3721 
2332 3856 
2332 3862 
2332 3947 
2333 2993 
2333 3130 
2333 3526 
2334 3009 
2334 3669 
2339 2340 
2341 2342 
2341 2730 
2347 2348 
2347 2493 
2347 2863 
2347 3262 
2348 3104 
2351 2352 
2351 3412 
2355 3415 
2358 2359 
2358 2375 
2358 2385 
2359 2661 
2360 2361 
2360 3191 
2363 3838 
2364 2365 
2364 3733 
2367 2553 
2367 3900 
2368 2406 
2368 3287 
2368 3996 
2369 2370 
2369 2408 
2371 2743 
2375 2376 
2375 2401 
2375 2418 
2375 2427 
2375 2428 
2375 2464 
2375 2484 
2375 2513 
2375 2519 
2375 2522 
2375 2533 
2375 2601 
2375 2640 
2375 2669 
2375 2676 
2375 2703 
2375 2707 
2375 2712 
2375 2748 
2375 2772 
2375 2791 
2375 2795 
2375 2798 
2375 2801 
2375 2821 
2375 2827 
2375 2828 
2375 2838 
2375 2863 
2375 2874 
2375 2930 
2375 2938 
2375 2946 
2375 2975 
2375 2990 
2375 3012 
2375 3034 
2375 3054 
2375 3061 
2375 3110 
2375 3125 
2375 3138 
2375 3181 
2375 3197 
2375 3209 
2375 3244 
2375 3280 
2375 3300 
2375 3321 
2375 3346 
2375 3353 
2375 3355 
2375 3372 
2375 3458 
2375 3463 
2375 3464 
2375 3635 
2375 3638 
2375 3750 
2375 3782 
2375 3789 
2375 3962 
2375 3966 
2382 2383 
2383 2421 
2383 2993 
2384 2385 
2385 2665 
2385 3630 
2389 2390 
2389 2424 
2389 2787 
2390 3323 
2390 3508 
2391 2392 
2394 2781 
2396 2397 
2396 2608 
2396 3407 
2399 2400 
2402 2762 
2404 2405 
2404 2796 
2404 3307 
2405 2675 
2408 2494 
2408 2983 
2408 3202 
2408 3644 
2408 3686 
2408 3738 
2408 3746 
2408 3758 
2409 2504 
2409 3008 
2409 3097 
2409 3248 
2409 3260 
2409 3364 
2409 3490 
2410 2411 
2410 2950 
2410 3388 
2413 2475 
2413 2476 
2420 2891 
2423 2424 
2423 2526 
2424 2476 
2429 2796 
2435 2436 
2437 2965 
2437 2994 
2440 2466 
2441 2442 
2443 2458 
2443 2497 
2448 2449 
2449 2521 
2450 2451 
2451 2551 
2451 2573 
2453 3543 
2455 2456 
2456 3316 
2460 2461 
2462 2771 
2463 3014 
2470 2471 
2471 3725 
2472 2522 
2472 2576 
2472 2596 
2472 3856 
2475 2476 
2477 2478 
2482 2483 
2483 3390 
2484 2485 
2486 3872 
2487 2496 
2488 2489 
2490 3968 
2492 3983 
2494 2559 
2494 2721 
2494 3871 
2495 2543 
2497 2681 
2499 2756 
2501 3645 
2505 3179 
2511 2512 
2511 3099 
2516 2639 
2516 3615 
2518 2636 
2518 3315 
2518 3959 
2519 3928 
2521 2644 
2521 3088 
2523 2524 
2523 3477 
2528 2607 
2528 2824 
2529 3901 
2530 3741 
2531 2695 
2532 2533 
2533 3580 
2534 3762 
2535 2536 
2537 3137 
2537 3535 
2541 2542 
2541 2983 
2543 3137 
2548 3159 
2550 2551 
2551 2573 
2554 3190 
2555 2556 
2557 2648 
2559 2560 
2559 2783 
2559 2800 
2559 3351 
2559 3745 
2562 2563 
2563 3658 
2564 2565 
2565 2595 
2565 3468 
2567 2568 
2567 2673 
2569 2715 
2570 2733 
2573 2679 
2577 2578 
2583 2625 
2583 3870 
2585 2586 
2585 3924 
2588 2864 
2588 3320 
2592 3146 
2594 3549 
2596 2698 
2596 2812 
2596 2828 
2596 2913 
2596 2978 
2596 3116 
2596 3264 
2596 3439 
2596 3553 
2596 3624 
2596 3719 
2597 2598 
2600 2883 
2601 3014 
2605 2606 
2607 2897 
2608 3338 
2609 2744 
2610 2611 
2610 2752 
2614 3887 
2615 2616 
2615 2844 
2615 3736 
2622 3811 
2624 2912 
2624 3582 
2625 2729 
2626 2627 
2626 2966 
2628 2629 
2631 2632 
2635 3193 
2637 3031 
2642 2643 
2646 2796 
2646 3529 
2649 2650 
2649 2796 
2649 3235 
2653 3595 
2654 2655 
2655 3722 
2658 3004 
2659 2660 
2659 3150 
2660 3150 
2662 2663 
2666 2667 
2667 2797 
2668 3577 
2669 2670 
2674 3802 
2675 2695 
2675 2815 
2675 2887 
2675 3056 
2675 3529 
2675 3614 
2675 3743 
2675 3890 
2676 3865 
2682 2683 
2684 2685 
2684 3389 
2686 2852 
2688 3755 
2690 2691 
2694 3483 
2695 2708 
2695 3074 
2695 3104 
2695 3216 
2696 2921 
2699 2700 
2700 2987 
2705 2706 
2709 2710 
2713 2720 
2714 3009 
2717 3657 
2718 2719 
2721 3049 
2721 3909 
2727 2728 
2729 2777 
2729 2876 
2729 3094 
2729 3141 
2729 3368 
2729 3416 
2729 3463 
2729 3567 
2729 3641 
2731 2732 
2737 3454 
2738 2739 
2740 2741 
2744 3028 
2745 2746 
2748 2749 
2750 3571 
2757 2824 
2757 2858 
2758 2891 
2764 2765 
2764 3651 
2767 2768 
2769 2770 
2772 2773 
2773 2965 
2774 2775 
2779 2780 
2782 3445 
2788 2789 
2794 3310 
2796 2832 
2796 3043 
2796 3273 
2796 3673 
2801 3082 
2801 3472 
2802 3126 
2806 2807 
2809 2810 
2809 2976 
2809 3185 
2813 2814 
2813 3609 
2815 2985 
2820 2821 
2821 2897 
2821 3615 
2827 2963 
2830 3069 
2840 3076 
2847 2848 
2850 2851 
2852 3447 
2854 2861 
2855 4003 
2856 2857 
2858 3092 
2859 2860 
2865 3501 
2865 3702 
2867 2868 
2867 3737 
2869 3035 
2870 2871 
2870 3013 
2870 3149 
2871 3499 
2872 3970 
2877 3175 
2881 2882 
2886 3109 
2898 2899 
2901 3521 
2919 2920 
2919 3647 
2923 3930 
2924 2925 
2926 3081 
2929 3341 
2929 3523 
2930 3408 
2932 3123 
2935 3342 
2935 3792 
2937 2938 
2941 3778 
2947 2948 
2947 3765 
2951 3219 
2953 2954 
2953 3027 
2961 3957 
2972 2973 
2979 2993 
2980 3190 
2980 3430 
2981 3105 
2987 2988 
2987 3408 
2996 2997 
2999 3000 
3000 3362 
3001 3002 
3005 3006 
3006 4002 
3009 3218 
3010 3011 
3011 3954 
3013 3507 
3015 3318 
3017 3018 
3024 3199 
3026 3730 
3037 3038 
3039 3040 
3045 3200 
3045 3374 
3048 3519 
3052 3339 
3055 3136 
3057 3893 
3058 3059 
3066 3067 
3076 3384 
3076 3757 
3080 3081 
3084 3346 
3084 3471 
3086 3087 
3090 3091 
3095 3219 
3095 3369 
3104 3674 
3105 3106 
3107 3108 
3110 3828 
3115 3693 
3120 3121 
3120 3457 
3123 3279 
3141 3850 
3142 3143 
3142 3596 
3146 3352 
3151 3152 
3155 3214 
3161 3162 
3163 3164 
3165 3166 
3168 3169 
3172 3291 
3175 3390 
3179 3180 
3186 3314 
3188 3363 
3191 3634 
3191 3712 
3193 3689 
3207 3967 
3213 3711 
3217 3257 
3220 3221 
3226 3227 
3229 3230 
3229 3649 
3231 3232 
3234 3600 
3235 3864 
3241 3242 
3241 3841 
3245 3246 
3247 3586 
3247 3873 
3249 3250 
3252 3253 
3258 3259 
3262 3263 
3266 3899 
3267 3268 
3269 3270 
3283 3284 
3283 3675 
3283 3730 
3296 3297 
3298 3752 
3299 3300 
3300 3960 
3303 3304 
3303 3961 
3317 3318 
3318 3578 
3326 3327 
3329 3330 
3335 3336 
3336 3976 
3350 3760 
3354 3355 
3358 3826 
3378 3418 
3381 3382 
3394 3395 
3397 3398 
3401 3402 
3403 3404 
3404 3687 
3428 3429 
3445 3446 
3459 3460 
3474 3475 
3485 3486 
3489 3810 
3497 3498 
3498 3579 
3514 3515 
3515 3775 
3536 3661 
3539 3867 
3544 3545 
3546 3547 
3551 3895 
3563 3984 
3570 3672 
3575 3576 
3577 3720 
3583 3584 
3587 3588 
3590 3591 
3592 3593 
3610 3611 
3631 3632 
3642 3643 
3666 3667 
3670 3671 
3680 3681 
3687 3979 
3696 3935 
3697 3698 
3704 3705 
3708 3709 
3710 3747 
3716 3717 
3734 3735 
3737 3777 
3759 3760 
3760 3879 
3779 3780 
3796 3797 
3796 3942 
3800 3943 
3806 3807 
3822 3823 
3839 3840 
3851 3852 
3886 3897 
3905 3906 
3917 3918 
3922 3923 
3928 3929 
3938 3939 
3940 3941 
3971 3972 
3980 3997 
3986 3988 
4006 4007 
